10000
7312 4135
3101 2599
1040 5013
808 2867
4932 3101
180 5013
4990 4610
7649 6424
3616 4135
4610 6696
9302 5027
786 3485
8048 808
776 9338
1176 2915
5318 7031
1389 5882
5013 4135
2398 2528
7209 4650
7144 2895
3227 837
4789 2421
5027 2398
4189 1852
2635 6305
1063 1112
3588 9899
5602 3638
2915 2743
7678 1852
2024 3227
3638 167
8216 9338
6297 9667
7853 786
7662 6590
2060 4789
4650 6696
8834 7236
1148 3389
4478 7182
6590 5810
3196 4542
4887 9439
6424 3042
763 4836
9395 191
1910 9261
2743 4756
4455 2072
1575 8299
1828 1112
5774 7022
7102 82
2573 897
2123 5442
3653 8330
191 786
1790 3339
7155 7182
1830 5522
6472 6941
6223 8216
1852 2895
6516 5401
7022 1043
1163 5517
2867 3101
9095 6326
8665 8885
5882 2498
384 1503
9039 9451
1576 8299
250 863
2578 4932
5517 9323
7807 2087
9667 1503
2498 8834
837 3616
389 8469
7587 4612
5777 9102
6305 5401
8469 4063
1630 2123
9323 8021
9312 7403
9261 7209
9758 2079
9665 1790
6085 5746
8804 1830
4081 9416
5867 270
5640 2442
1948 4612
6270 3074
863 8082
1865 3042
8330 8602
8566 3855
2421 5318
6941 2537
4233 6645
2006 7853
1302 4455
5181 1598
2784 6865
1409 2868
7403 389
9946 2978
1350 2700
8346 2572
6670 2978
7159 4294
8881 167
2344 1948
2700 1163
6785 2595
1175 4310
1598 7007
8304 5867
4660 8613
1199 9811
1188 5871
2621 6694
579 9691
5648 8469
8906 6000
5421 1927
7001 6855
1375 5443
1612 250
5443 808
7629 4764
6039 6865
3954 1375
5680 6670
4171 5889
3242 3855
1962 518
1293 3074
405 5027
2087 2792
957 518
2599 6424
4135 6516
8057 1852
8299 9899
4474 7693
2265 7364
9439 5889
6198 8906
1606 5628
9475 8885
7647 7833
7353 6977
7538 1124
2729 6085
7512 9934
5871 5889
2795 2621
8886 579
7319 5777
5219 8534
5473 4455
8856 148
652 7888
6865 1790
9695 4836
509 5926
6645 2315
7693 7236
6880 9934
897 6326
9820 797
2442 3592
4648 9691
8412 9695
2840 2792
3321 9551
2315 2534
5242 2941
8534 7609
9551 5522
9937 5893
2537 814
5033 8626
2852 3663
3642 8906
8291 7693
8529 4667
5655 3627
5810 3638
3787 9803
5537 6971
7156 6431
8869 8953
123 5912
3622 2165
5439 9416
6141 7653
2300 4426
3859 5565
9576 4689
7031 957
7364 1612
5506 1575
5731 2766
4853 3627
6206 5926
5979 2029
2926 6120
8588 9309
6326 518
3001 2079
774 3490
7653 4853
2986 6668
7326 6626
3475 9019
6098 9543
2399 5628
4542 6090
5816 7950
9658 4687
131 1598
2943 9558
9901 6971
4310 6813
5855 5816
3067 3859
9934 7312
5518 9039
4099 3135
2774 4842
9558 1390
2704 9605
8626 6534
304 3775
7027 9700
3076 8310
3074 9695
6956 2017
8093 3919
4620 4822
531 4054
7681 6054
5 8469
3137 6666
7004 8703
448 2865
9970 4416
8974 8084
6090 1298
8858 1063
6893 6090
2100 3385
334 1360
5563 5797
8880 9313
9906 7353
8076 7629
5628 5912
1844 9589
4936 6670
7485 263
2385 6472
2707 5534
1298 4063
5071 8310
9416 4001
8792 4129
7609 8665
8229 8099
8227 8751
1246 7182
4612 5518
6681 8913
861 7646
4091 3043
8602 2978
2978 786
8310 5731
1426 5112
1043 4238
1838 9497
1542 3560
7841 9093
2072 6670
9899 2852
86 9744
5401 7653
2766 9302
7108 270
2909 1332
5687 8869
1927 4240
1124 5179
5951 9658
9338 5628
3981 6707
7848 9604
9605 6696
5362 2300
9697 6548
423 2113
9355 7021
4183 2922
1234 311
9121 6246
1586 6203
1720 3128
4399 9691
2113 8180
1390 4818
8123 2197
6642 5534
9869 6315
7406 6737
8767 87
8951 8412
4240 6246
7157 8792
3615 6132
3456 5746
1707 5563
7988 5835
2595 6941
9975 2910
4129 6502
1189 5433
9543 5777
817 2179
1835 3869
7701 9922
1777 1476
5114 6813
569 3765
9093 8084
7608 8227
2452 3561
1914 6032
8630 9386
4426 7833
1726 31
7051 3077
7313 9820
3919 999
1112 4842
7231 5143
6537 856
186 5003
8209 2378
2378 86
2179 6737
2227 6874
2172 9386
2877 8410
6696 1188
237 4481
5409 3411
3982 861
7208 5979
9033 3066
9304 9023
6032 4030
4588 863
4218 7260
7021 2534
7042 6276
4416 6941
1098 7161
7619 8933
5935 3624
6855 5062
9205 6666
4061 9011
8006 6064
354 2017
4352 6262
2898 1562
7707 8906
6203 9604
4756 8866
7161 9451
7499 31
1589 6702
8913 4887
2904 3803
8194 6360
3949 6783
7182 4426
8094 9937
6163 3432
1667 8630
3560 4969
3707 4452
735 7222
7112 5391
7962 7004
2079 1503
7293 1122
170 4349
9960 6145
1122 3316
5599 6650
9860 8195
1422 8326
999 7906
6054 186
6004 490
6502 6102
1444 86
156 1401
8220 5056
4378 7454
9490 4030
8885 1199
4001 6041
5635 7065
3432 5774
3359 6737
2657 3066
5252 6360
7454 4081
2279 276
2987 9599
7990 8244
6360 9543
1440 8341
6262 3667
7468 9205
332 9802
1169 9943
773 2071
6933 6282
3320 7481
6668 9599
8195 5112
6429 9490
8525 6853
5445 2603
4238 2525
396 170
3352 9589
7530 1896
3855 6783
3624 2798
6431 2910
6649 9691
3901 7880
5797 7629
3195 4657
8223 7626
1006 6471
7828 263
7640 4201
6853 4554
2765 8548
5924 1900
3478 4026
1341 2564
5662 2657
3490 4588
551 3494
9802 5179
5835 2895
8984 7293
3016 2315
9117 8777
3337 121
7885 5749
3383 9625
5658 4234
1005 7349
216 7079
8614 6874
8777 7646
7332 2497
9023 3687
187 4755
3544 7643
7179 3862
5558 4900
7637 7028
6009 8415
1116 9384
31 3196
1562 6002
2564 9604
796 562
7511 3453
4715 7637
6771 695
3192 5301
5112 1234
3599 3352
5321 4352
6599 2804
7888 1598
9384 2279
4871 9123
3030 2666
2833 5746
5509 5779
1766 6562
1433 5816
7057 8046
6776 7359
1708 2767
1896 9742
5721 9343
7857 2765
8898 6564
3371 3177
7120 4294
1103 2172
4822 7608
9652 7004
9742 8798
4982 9960
9402 9630
9806 2871
7394 2340
4956 7363
7695 7313
8830 8626
6671 9869
9803 4378
971 1293
3968 7231
1497 4282
2438 5274
9119 9616
5859 8456
4039 5711
4802 7578
4554 6145
281 4637
3247 5149
5519 4019
8586 4218
1178 1476
3663 4876
3128 6257
3070 3056
3258 10
8427 5928
7686 8194
6354 7770
6735 4818
4908 4444
8798 863
1360 1125
2871 7695
9283 3930
1731 3707
1010 3869
7925 7284
6650 5179
3305 9576
145 8694
896 2224
2097 8133
8737 7580
4208 3687
4340 2795
6200 3449
4497 6132
8999 531
5313 3075
1212 1083
6737 5517
3775 3869
2826 3586
2402 5114
4969 6776
5852 5565
2792 276
4818 7647
6511 2707
8613 2608
1348 7667
4481 3420
9322 2614
3930 903
9385 5527
3494 3705
4836 7135
6371 1223
7044 3926
2767 4038
2853 1671
1358 1838
7459 7044
9650 1006
51 3453
6081 5814
4319 490
6216 2713
5516 8804
7573 6654
5779 1360
8084 3411
8953 177
10 6441
6566 412
1404 3143
4535 3845
3899 3149
7252 2411
3143 3667
5926 999
3005 8119
9569 3840
3250 7656
5534 6671
3719 4871
6856 4870
4361 9191
1386 4983
3249 903
5028 6568
4290 6173
6112 7143
3389 334
6002 695
5166 7982
1 8519
9477 1910
6215 3518
2658 8933
8244 6311
4775 4592
8386 7623
536 6702
3523 1364
1401 8855
3004 398
4028 2697
1083 3043
5527 1005
7349 3383
8410 2205
4004 408
1704 6661
9724 9757
975 5920
6147 5435
2675 6724
4657 6216
2911 4440
5752 1223
4007 3572
2019 9743
3931 5880
1104 311
4282 3137
6604 5313
1013 9695
5255 4102
7222 8427
3062 3070
4565 9896
8290 896
8085 7848
6132 9551
3885 249
5912 2801
3465 1717
4728 7004
9207 531
5814 1124
3477 9776
2513 7065
4026 5615
8675 6971
1798 5982
7833 9117
4440 6502
5056 1112
6897 6426
6680 6315
437 8141
7720 5801
6282 6910
5433 2143
6646 1332
9700 9927
5863 1163
8442 8220
3845 3357
1671 6441
27 7974
5442 7982
6598 8518
7804 6977
1457 9741
6666 3321
777 437
1501 6626
9615 404
850 9656
5099 1580
9941 7240
3852 3870
6798 8288
1120 3549
8281 4867
7503 649
3536 8415
6276 8099
5660 1062
5587 4983
4201 7287
1727 9570
9410 4955
4232 1364
9744 7144
6661 5651
8497 4600
457 8880
3869 1043
3592 493
5928 4867
700 8216
74 2136
2868 5629
2835 7261
9684 3707
4395 7857
3687 1298
9776 281
8855 3456
6352 3964
412 896
4867 359
9457 6112
3075 919
2071 2016
4652 4470
2895 8180
3163 5033
1483 7293
82 6387
1370 4093
1294 3005
359 51
6564 3931
163 3577
4732 7925
3077 4908
9412 145
3765 4620
6384 8410
3165 3735
3393 1412
7359 2227
680 6788
4755 6039
9922 3024
232 1727
5267 5893
2080 3487
465 74
8296 1412
5711 8062
3518 7643
6783 4019
493 9296
3141 3007
4390 3825
2941 3705
9343 8857
5858 4900
6568 249
7357 6120
2167 5231
1489 4521
2603 9697
8415 3775
7236 7144
5231 8114
2291 4870
9533 5265
6250 8614
5247 5284
2632 7027
4102 8483
2937 3926
2662 6863
7906 7197
9926 6700
2076 9199
7656 437
3449 7143
3548 41
4239 1805
6736 9521
5490 7824
475 4786
7950 8141
1264 1237
7481 320
7970 4019
5265 9650
8579 4922
3752 2861
8317 2336
2910 8855
6827 2877
4958 3874
6477 9036
6022 9520
5398 232
3888 882
3636 903
9757 145
9313 4093
9584 7208
7824 9520
1782 5398
2197 2804
3977 7909
8590 4367
648 2344
7225 353
3549 7647
7580 27
6145 9469
8326 4732
7036 2302
695 9309
9578 5413
6121 8412
7623 8883
6874 7364
6654 362
4547 8033
270 1176
882 145
5881 5950
4675 7169
6173 8284
7982 7159
8141 4610
7135 1298
5746 8798
9589 9355
8848 8138
1975 4239
7075 651
2073 8031
570 5240
3339 5215
6489 4948
6234 4748
8285 1654
9980 3165
8519 795
1223 1959
5305 6853
2566 5713
79 1340
762 8999
2199 1798
2128 3442
6534 6971
3113 2488
2719 7332
9521 7122
4423 4211
7020 2880
5629 4799
2145 4809
2829 3662
8822 8999
8245 8520
1145 460
9973 2336
5657 8147
9036 9160
3313 4009
2934 775
3413 9911
4816 3875
2474 151
7143 6431
240 5830
8336 2904
6005 9928
9896 7707
254 3829
3369 3146
6745 7439
6632 7914
4038 3487
6977 6147
4592 7179
1662 3977
795 5859
6873 509
2412 4741
3807 3292
1714 4878
5236 3472
3149 2464
9204 3186
4521 1580
1839 6978
5435 8281
3877 1233
7071 7549
5968 6936
4047 2100
7591 2844
1150 7244
2804 6724
6341 9429
4030 7986
9497 4870
7060 8119
7419 4004
6120 9191
5613 4130
2003 5031
1884 6137
4299 2073
9317 718
9466 4437
6702 8623
669 8791
1412 9475
9844 9083
3177 9199
353 5779
8169 375
5391 7261
4757 7821
9493 8147
8444 3359
8791 2016
6257 8702
4843 3727
4745 7578
7916 3981
4687 5267
6683 9034
1343 2872
803 9427
4950 8408
1165 6077
1027 8682
8623 9650
3577 5613
1672 7817
7616 2415
4111 3575
6909 522
5279 256
7791 9093
2109 3208
6944 3177
4269 3337
349 9783
3280 6039
1191 9196
3385 1340
3205 2099
1340 41
3186 8867
9823 281
3837 1206
2614 3309
7546 1191
9692 8282
9351 7318
4470 9973
1721 5131
8908 6067
8786 7877
2239 6771
9083 5231
5688 9114
460 2197
4130 870
6296 3716
7240 7880
5503 1643
4248 5410
7205 2722
8988 7501
3996 3852
8325 8245
3269 9363
7667 1212
6391 8375
6589 4629
2161 9104
103 944
3754 2918
2812 4919
7245 6468
2883 2461
8512 4009
8321 2522
7926 385
6837 7643
6029 2165
5605 9245
4093 3939
7691 7052
1123 2499
8697 9983
7457 9109
4513 2884
2608 6573
1251 3386
140 5167
6813 5519
9011 6756
5274 1155
655 2005
5872 825
9618 45
2861 2840
5410 3931
2411 5516
2499 9658
2029 5169
8284 9589
8408 5968
7903 6903
4919 4319
9617 7591
7817 576
8778 1624
892 8965
2872 896
7052 2871
8148 2019
8627 3034
1155 4299
5950 3968
5865 2298
9902 1900
8419 4920
1300 3055
576 186
6253 9584
9735 805
350 2165
7961 5772
8895 2758
7880 8830
8456 9207
4437 7244
5149 73
2155 4265
148 3005
4104 9630
275 4109
1367 1457
6068 7457
7868 4922
6348 444
5198 3132
7762 8829
464 8529
3797 6936
1334 5413
6548 5506
1237 9617
2251 3707
4220 9124
2069 7341
8520 4316
1206 1222
8761 6547
3575 3754
6630 3622
6153 3478
649 7591
1643 5233
9625 3137
3362 81
631 275
3964 6489
5143 652
4256 2409
3433 1084
3662 8282
3386 7394
4234 9720
8751 1298
5681 8249
1144 5585
6741 7289
6647 5356
3801 9486
7522 7884
1530 9243
8371 9036
952 4717
4534 5965
7829 2097
1327 20
6329 1280
5233 6756
4059 20
3985 1534
8703 9245
3700 5294
1125 6604
2884 6077
8526 3716
2922 7591
3058 9018
1477 2143
6073 1367
5062 6366
6597 5112
3813 6868
8324 8527
9616 2654
5400 5411
7327 2461
7202 5148
1580 195
507 6700
2497 9480
3557 2136
6462 4300
6694 1191
7902 6067
5031 834
1035 6282
2572 1367
4499 2205
6845 3964
7063 7340
6449 1839
5988 1281
6403 6717
9983 448
2798 7980
7971 4280
5744 1640
5148 2662
4364 422
1624 2697
5248 2054
2630 4014
5259 815
320 834
9243 7501
599 9144
4460 5688
7784 5999
3658 9249
4619 8703
3811 9036
398 4781
3696 2880
5294 1828
9196 6248
5939 4627
2460 9997
5268 4417
45 5870
6764 8596
3939 3030
5880 9803
3472 7269
7809 6714
7658 8748
8060 9257
522 3005
3034 6282
81 1281
5676 2722
9451 5982
3051 4546
8099 7903
7525 4032
5749 1300
7834 8616
9599 7436
1641 7591
8883 4956
7995 3475
4266 8677
1062 3128
7260 3754
5706 9693
4860 5146
691 5014
1001 1144
8138 2737
9821 9730
4703 7036
2032 8880
2124 9973
2059 3471
8965 7616
825 1151
1805 2676
6137 8325
5964 3491
5426 5800
2666 4717
6359 5268
7921 4748
6311 6717
9486 7422
5565 5651
7340 7461
1982 9970
1916 8407
8305 7001
5990 9970
167 7514
8860 3634
7501 4349
9028 5779
9546 9363
6355 1255
6674 6468
7633 1654
8133 4781
9109 9119
1106 4814
1529 636
6562 9427
5021 2485
3884 3634
5125 4716
5109 2054
1717 6296
7439 8408
8021 631
5146 9238
4336 4174
3410 3086
5535 2941
956 6512
7821 9049
3572 6238
609 1004
7514 7885
4576 2602
9386 8136
5326 4938
2326 8551
2914 7685
7125 8285
4515 9821
3938 5772
4403 997
6781 2861
8033 6717
5481 9317
8102 4104
4704 8249
3786 4304
4984 8693
8948 1662
114 105
5675 4257
4063 6431
5813 4744
6315 5635
2617 4825
4012 491
9469 4130
6426 9363
2651 8012
5140 839
834 649
8119 3149
2336 2792
6791 2929
1959 3371
924 3696
1159 3007
2005 7027
3132 8722
2979 1440
5121 3402
4748 79
739 7410
5965 9121
8572 9704
249 263
6209 9570
9728 5598
568 8715
8153 7791
8592 2654
3208 5442
6573 8104
91 4269
87 2069
9285 4361
1332 2987
491 939
5215 2224
2062 8183
8257 748
2314 1919
6221 7238
6246 773
6238 7791
5793 4072
3053 6844
9928 1169
9927 3855
2836 1386
6456 2831
8659 2161
9480 281
5782 1222
8562 1940
4814 20
5064 8681
2797 6647
6448 4597
4049 4983
3024 3539
8068 771
6859 140
9125 472
6571 5140
3244 7877
8632 9243
9143 4984
6868 4300
2870 3624
8292 1349
7822 8551
2099 3125
6639 9093
8743 8862
7908 6857
1519 7179
8528 5883
5848 3463
3135 1534
6358 1704
8527 7051
6916 9983
5893 7168
3007 348
4997 8213
7549 8468
9240 8681
7507 3369
9570 3813
6725 225
7065 2017
9540 6875
364 6169
4739 866
8166 1631
8162 7648
477 9074
5025 3585
7563 6303
7842 5851
761 3421
4349 5587
6441 9011
362 5979
4826 7883
9854 7113
3521 7676
9123 2300
3896 8073
8086 5663
8249 7455
3203 8693
9415 6955
8357 8512
3838 8691
1919 8715
7787 5865
1763 9920
7943 3883
1640 8066
3171 8061
6936 8595
770 2505
6053 8909
9022 9415
7227 1648
39 1032
9018 3966
3134 2782
815 4689
3529 8496
7194 5902
9855 2616
7877 4367
4294 7857
9884 1255
6469 3838
5234 3896
2929 5713
2361 7296
8568 8062
5315 8863
2509 5234
84 6593
6000 5651
3907 9430
3594 8709
8574 8545
7548 9902
8213 8504
4193 2361
9498 4280
7626 1233
5728 1214
8962 189
2664 5598
1414 5528
4938 5262
6178 9331
5352 3205
4302 3402
9743 7641
6064 6933
7455 7020
748 1261
5206 1529
1658 2181
9573 2556
9226 2707
4597 7357
3631 8691
870 7021
8677 6646
9566 1777
1579 9476
1303 9193
3212 9980
6911 1765
4678 5169
2068 1920
1349 8279
4876 4282
1503 8326
7883 5987
2699 8265
2464 5206
9705 3602
1108 9920
4386 1734
5522 8330
1261 5865
3470 8265
880 1359
3201 5109
2574 3386
9719 1928
866 5451
1217 7506
3086 9114
234 1729
7169 7834
18 6635
9411 2103
9272 477
189 4955
5499 9171
500 6500
7363 51
8857 3413
6088 3194
4172 9410
146 3420
489 4504
5042 6993
2462 9193
7106 8320
7967 8421
7884 7697
9421 4232
2702 2130
6616 3082
8027 5405
7697 1112
1775 9894
1345 2996
6266 9804
5436 8313
9144 5133
4101 538
4896 6068
9183 9693
8032 1975
788 2697
4372 1155
647 7809
3248 4211
2485 9285
4304 9570
4741 7877
2738 706
6224 9042
7469 8691
8647 5582
7890 3883
3539 5744
7032 9614
3032 582
6043 5715
9373 6363
110 9204
6077 1045
6169 3896
9366 4504
5470 3961
582 4182
3089 9735
8282 5912
7268 4032
7974 103
8391 3212
70 3292
9894 2211
9478 4967
3047 1778
3590 3363
4110 95
4790 6620
4142 6273
9548 940
5987 4395
801 3966
4413 225
3585 9424
3883 6604
2130 7834
2349 3442
490 4600
6393 3301
6953 8647
7104 8732
2511 3521
7206 8061
1154 4656
374 538
3733 1778
8693 7469
7919 6685
4841 9748
2016 5025
4103 1154
4257 448
1923 3353
3926 18
1819 3237
4280 2061
6532 5834
3630 6340
3237 6903
4825 8171
2205 3369
8339 5941
3060 7410
5211 7151
2522 7268
9485 570
1724 9010
9620 7300
8770 4642
7289 8054
5405 7548
7238 9022
5032 2223
516 7297
9865 1405
5696 6171
1415 642
3281 1849
1817 602
8171 5143
4653 586
6547 2877
5170 5277
2865 5519
1894 6361
8402 2587
346 2302
7303 5133
6171 5800
932 6474
3582 9124
1749 5226
5356 6993
538 9884
4645 9340
16 3460
358 6273
4642 9885
2238 7009
9165 2182
2271 7771
839 5551
9630 465
5969 446
1087 5813
3564 5324
3357 6971
8910 9259
1791 3844
9748 5939
2643 8102
9073 9124
3500 8128
9202 9019
195 6709
9641 6352
3550 3587
5514 7907
9614 2614
5920 9804
3755 244
8909 7048
7947 9523
5772 2344
5916 9914
3840 5221
404 7658
940 6700
2527 5357
439 310
919 4826
2242 9157
6361 3484
725 4211
4695 3529
5451 7318
6175 5865
6862 6303
9104 7821
4009 1920
8409 244
3569 6632
2682 335
217 9756
7661 2916
95 8895
8774 2486
3731 5140
5839 4039
8691 5206
6724 1919
215 1342
9133 5939
4654 6798
485 2936
3905 6465
1084 3135
7635 124
5889 1731
2256 1359
8483 2947
3162 6309
818 7796
8031 3738
1994 7394
7911 7190
1559 4563
5277 1912
7300 2486
3717 7235
1677 6267
7569 8996
2409 4739
3460 826
5457 39
444 2488
9839 651
9911 457
864 1677
8556 3721
3411 6788
5256 5870
5133 4009
5941 6175
1285 9054
3450 3187
7771 201
9034 4860
225 5315
1841 475
9511 1637
3187 1586
34 6859
2408 9036
6742 761
3466 878
606 7357
5551 7824
5886 3412
679 3634
4434 7074
4072 3964
9413 647
7360 1940
5963 1622
7523 4919
6782 3298
7643 2046
6019 2519
8551 8257
9275 9229
8845 4741
775 6593
3660 4227
8340 3750
2102 6363
3457 635
8279 385
9171 5400
2369 5293
8177 8449
3967 8193
5186 2767
462 562
1734 446
5006 6697
7770 6632
5283 9061
1968 5939
7577 6392
8362 4745
1608 842
3735 803
4953 4351
9238 3642
3426 8750
4870 6355
2138 1579
5545 3726
7907 5713
9502 1636
6844 6756
6445 7592
7122 3954
3794 1929
5747 7057
8131 5242
360 5760
3378 3742
5960 1751
5834 6329
4716 4445
7594 8718
2782 581
2223 4348
5966 1439
8668 602
5169 648
8862 464
8267 4761
4174 1975
3704 1405
2333 1929
8407 4778
3444 805
7088 3631
5663 2653
7322 1523
3353 3162
3973 3955
3547 2883
9179 1554
8206 3117
3491 2167
8518 7083
1100 1886
2035 5236
944 2060
2757 7116
6392 8099
3554 3492
1364 1027
8434 1714
6685 2136
8265 5395
3586 4367
4960 7745
7006 5815
6308 5072
9309 8325
8136 3205
7284 944
4905 2778
8750 7162
4396 5872
9078 8962
8184 9982
9157 7300
8545 1886
2770 1111
8421 364
9296 8561
9393 5948
6698 590
7932 2868
297 3495
3874 8836
6717 5777
9206 6674
9904 9099
9714 1149
1932 1008
6289 1754
9495 5656
9278 912
1582 4993
4293 880
1751 2266
4778 1233
7184 1657
2690 9854
6045 2048
7745 405
718 1222
442 7971
2756 475
6554 3726
4813 5916
3842 1182
4809 805
9577 4386
2523 3414
1921 2702
4585 5625
8247 4846
3963 1487
9259 8375
2844 1332
9037 5226
7986 3024
6465 7075
980 3032
2936 7503
7168 6315
9134 9765
8989 1541
9229 718
5131 1556
1685 1899
3993 975
9029 4954
4182 5248
1182 7799
5014 16
5833 6197
642 1541
3742 477
8183 3993
7070 4517
8947 5670
2437 1775
2017 5889
5075 5036
1657 1022
4271 2756
2475 7971
8314 5526
7162 9520
1342 9252
8155 8167
4192 8702
7244 8511
9900 6561
1482 5018
3157 6598
3403 1613
7422 5953
9199 6534
1464 1656
779 5242
9634 7708
5888 8313
6427 4799
8496 6341
1085 7842
8682 9823
8488 9387
998 1973
747 3876
1631 4039
5072 1033
7294 8504
6125 8506
2054 304
7374 5499
8382 8829
4862 8890
3209 6543
1149 4813
7673 6554
1233 8444
4690 771
8506 2452
4920 421
9369 8786
1225 7227
6041 8691
8612 9453
5122 3963
9055 4738
3408 9352
8283 105
9936 9835
8237 5329
422 6363
5011 9099
8819 4133
6309 215
1616 1170
4462 7365
2266 4585
2458 583
9002 45
2722 114
898 2682
121 878
41 2138
9124 3442
2653 7327
7344 374
1554 6359
6704 4627
9720 4280
9520 8223
1126 3913
9597 7062
2779 2458
6415 4656
6834 5948
5240 2271
8847 3422
6095 3308
5329 2239
1170 2645
5798 7238
9834 9446
8322 1111
5083 268
9340 5502
7461 8568
1042 9728
9331 9478
9746 80
3584 2157
3314 9710
4054 7546
3892 6525
9336 9635
7062 609
8110 286
6366 1854
3240 682
4738 300
9353 7677
2758 7368
5202 1682
4975 9170
1214 6554
3955 439
2489 4513
3526 5349
8595 4500
5974 5477
728 4353
2831 7034
3146 2941
3316 4955
805 6102
284 8915
6705 2301
653 837
2135 7126
1928 9566
2882 629
9826 4140
9993 960
3738 5779
2525 4130
7163 7270
1380 6157
8143 1990
2638 7327
6197 7614
3613 2567
5755 5470
1966 801
1179 6383
1523 6742
7335 2266
982 2511
3343 4726
7641 1169
1421 5706
8046 9294
8996 4462
3661 8527
2098 7463
305 8499
2493 6846
800 788
2950 966
9252 1004
5495 9179
1397 6407
6336 4428
9935 4393
590 95
6368 1899
120 6407
2894 9366
6138 3388
2048 3973
7224 80
5301 9322
8180 522
6525 8193
7140 9900
2401 1475
7708 1211
4671 134
3402 3840
6601 1682
842 7338
1628 1008
7977 5974
9061 1791
7405 715
177 3584
3876 2523
6323 8735
3415 3117
6891 733
7620 9526
6208 3870
4227 6741
7123 4686
7781 8281
5105 8169
4261 7370
7562 4143
5214 6727
1705 3247
2806 7175
5141 2366
1365 7079
7624 8801
5502 9036
6701 7419
4967 8595
1220 9577
2602 9336
5972 9354
9445 4663
8838 1637
5598 7296
4662 7310
2157 1212
8280 5279
8801 5866
5098 5187
7561 7479
6142 2415
7235 2587
6481 9505
6871 1563
3602 9578
6786 1876
783 2522
9001 2916
1744 4289
408 82
8915 4761
3803 2523
1700 1932
2696 134
9925 9674
9949 3610
2332 4169
2182 4289
8014 2787
5262 9885
151 9134
2013 6027
4429 7151
3551 2495
5870 5451
9760 6027
9397 3678
385 1261
1405 5731
4018 8294
6924 5808
244 486
5414 2108
9864 4747
319 382
4019 6683
3894 3515
5910 8105
8087 5971
771 8114
1723 1304
9013 4663
330 5480
1949 3666
9909 960
4231 9505
5152 8449
9725 1190
3412 9193
3293 6303
2590 2312
9072 733
5868 6508
3515 3051
335 4445
4322 1540
4024 8964
9920 9415
1908 6934
8012 3907
133 5887
1567 2212
134 3428
2903 8035
9999 2492
2565 1288
7216 6397
1944 2110
4685 1420
6351 6228
4737 2782
1854 2242
7003 4325
2740 4873
9635 8862
9673 6961
6335 9269
7742 7358
3299 893
269 6043
7592 7190
8222 8504
8440 3416
2181 7083
3487 6262
20 2071
9915 2616
6628 949
4708 5937
1473 7342
8118 4643
9710 2508
9977 2462
8053 932
8964 7071
4667 2926
6788 4004
1288 1217
1032 7179
9446 7569
7558 171
858 4480
498 2952
9129 5285
6294 5910
7338 7851
9110 1894
4747 3457
3649 4393
1352 3416
682 930
5899 7226
9693 6537
8259 6892
6954 7331
8158 8212
6439 3301
336 7116
1480 3934
2377 1792
6900 7206
7590 9198
2302 4747
3348 991
3721 4193
6697 7126
4939 7842
1541 8572
6555 7815
8045 7685
7855 4563
5192 8278
9088 3302
1595 8416
9644 7720
6611 3831
1587 6464
629 7640
2787 2415
6319 7772
5456 4408
4717 6462
4308 2773
5946 5005
4140 8069
6618 2155
1004 2421
1270 7924
9127 7361
2944 7677
496 8656
212 3171
4214 3211
4415 8748
9804 2181
3666 7350
5221 1721
3870 6791
994 3382
1654 8434
2973 5011
4486 1110
559 629
4891 6381
1379 1129
4327 1944
77 9414
6333 3593
4854 7270
6086 5751
1815 9267
7589 7337
9051 6481
1222 276
7259 784
7914 1648
4781 4761
1129 5885
4726 6263
9678 9654
3934 1944
4900 6397
8416 4733
1849 8468
9170 5879
7107 732
4344 486
4563 1295
5927 5985
9966 2212
4972 3829
5902 733
9019 8118
6508 8364
628 7489
2667 4923
7297 2903
7116 8362
4656 8778
7151 7422
5971 206
5760 8029
6383 5948
5670 5137
8522 4953
6373 7279
6512 7360
8718 5834
4032 4867
5526 1110
4490 5699
56 4508
6678 4055
4351 8895
4242 9492
9472 4834
5532 4468
1875 3348
9035 483
553 1660
2209 9035
6228 5858
2744 4885
7867 7289
7709 3073
1764 6929
8596 818
8256 5246
5195 2556
7190 6512
1596 5988
8732 5868
1664 7238
1825 5436
6397 5935
9972 9460
8288 5006
5379 8116
6116 80
8487 1764
291 330
8933 5214
1105 867
9740 4769
4031 8838
5985 6380
7258 8318
9604 6799
3442 5169
8827 1815
5955 6043
8510 3771
9430 8518
9674 3415
379 4108
1729 5395
3073 6095
4699 1281
6381 6903
5411 7075
1990 2417
8782 5444
4767 6954
1137 8056
8558 4489
337 4242
8364 5075
3422 5657
483 7410
9049 4561
6808 9064
9729 6340
3066 186
9010 9997
9982 5899
7398 650
4824 8924
8029 5858
1398 9460
3100 124
7710 8052
4570 2312
632 3518
6863 2645
5138 501
268 3211
9193 2959
8201 564
4417 1032
9160 5259
9613 7894
9140 4149
4799 3211
8212 3727
2581 3840
3384 7700
6008 3012
80 5924
3893 2516
3690 5971
5582 1479
8511 8681
893 1304
5887 8066
7802 9125
650 4997
2293 3784
9099 4052
8789 7311
3335 7254
706 3299
5922 4923
6635 5535
4752 4738
414 3060
9377 4030
7203 3495
7772 283
2887 5616
8656 6340
7761 9756
8405 700
5729 6338
6760 9606
2002 4349
6157 586
930 5152
5626 319
7958 1810
1361 6620
5530 4202
6846 9884
9453 6806
1147 7989
8424 8417
3711 7772
8637 9985
9783 2401
310 1894
6027 7342
2556 1149
4878 5808
9442 3474
8013 4933
158 9764
9274 1587
357 7768
4044 4180
377 5487
7700 4403
1487 9546
3285 6050
960 9728
4842 8881
1980 3715
6774 8610
2108 4386
4945 3300
5037 684
9876 2733
7138 7114
7685 6094
2880 8909
6806 1883
3345 6148
8829 9637
1941 6877
256 4862
3862 1112
8023 1735
8052 7457
286 2303
7479 5247
7368 8183
4226 1801
1190 9668
4572 7614
941 1384
651 4781
7815 2272
7739 9442
6687 9897
8702 8867
5701 4173
7666 9691
6044 5879
8117 9754
511 8076
4133 5927
8239 1096
529 7966
6503 581
3651 3522
660 8026
9223 8829
4663 18
3623 9540
1929 6045
1475 515
4223 6148
1239 4824
3674 369
4694 5745
8671 5453
830 8952
8104 5233
7901 9299
7728 6594
4020 4769
7989 7635
4117 7517
4637 2165
5651 9806
5593 1601
1883 8778
5787 8372
8129 8350
6929 477
5324 9725
142 66
1413 1565
9396 8394
3225 3522
1796 8616
838 425
4052 9377
2303 632
8425 2736
5002 1307
1019 8505
6501 6673
7508 3141
2881 1147
3081 6302
6999 171
2340 212
7381 9220
7269 3161
7034 4648
1967 9327
6328 377
2074 7158
4062 7109
7614 1062
1977 8230
2488 7079
8811 7624
3387 3710
4885 3117
8836 9855
5783 3530
707 2423
4832 9708
9914 2651
6757 6594
4559 1617
348 2824
4744 728
708 1209
4056 3780
715 1840
6406 6543
4137 629
5866 5167
4629 3976
4693 2212
6973 7173
2241 8996
6483 2462
8563 4026
6812 3863
7578 4873
1556 536
4070 7106
6707 5729
2461 1489
4382 8192
486 311
856 6296
3825 586
8458 939
9897 5017
9169 5326
5293 712
3416 2423
6179 7054
4828 8206
6050 6849
8866 81
2469 9088
9050 2520
1153 8340
3255 6834
5580 4540
1388 2549
1900 9193
307 1482
9042 8756
8748 5580
3530 1810
2773 6154
3300 7619
4933 4767
2964 8722
1014 5891
7875 6042
2633 8184
2103 8668
8873 9206
9606 7006
8709 6216
8272 733
4798 9294
3988 381
333 1059
8810 369
9656 3452
1429 6148
1656 489
2158 6222
7996 1197
7631 6361
6242 333
639 7558
2981 5301
7226 6954
9427 1810
1698 2565
4143 7518
1539 8072
1866 7865
578 8352
912 9738
597 500
5038 9642
2686 8863
6061 158
1291 4467
4846 6179
4733 4353
7114 5324
7376 8674
3189 4828
966 6008
733 6479
3167 9018
2676 2017
7261 5922
6402 8278
9654 5240
3161 496
5213 5210
5044 2944
7475 9907
5434 9534
2839 5444
949 8193
3522 5834
2492 4662
8581 7977
1952 8023
8128 6599
6444 5843
328 664
7754 7550
8341 4327
2669 3996
2037 5912
6364 3013
5395 3444
9245 761
2680 5310
8684 3217
4300 5252
1792 5946
383 5751
9263 7651
9354 3143
3657 3502
4343 1376
6338 3056
7417 4055
4511 9365
1622 7860
3405 6911
67 2601
7757 6594
4529 7262
9510 9064
990 4173
2312 3056
8105 5848
4127 6267
1954 2890
9251 6153
7175 3727
3302 9690
586 7771
4492 1659
587 9590
5715 8046
5357 9223
4273 9062
3103 9233
7646 8296
4605 3343
2250 6263
8776 2952
5210 1096
814 5240
9887 1434
8072 2614
4805 4428
8890 8616
6404 5088
3920 1195
1691 4922
2733 8248
4050 7596
8952 1797
2824 7289
3363 6897
541 9730
8312 6086
1794 3420
7767 4575
6910 1261
951 1508
6067 2495
903 2103
4560 2520
1694 8935
2663 4686
1599 2887
7494 7451
7654 7765
3633 2335
4627 4967
1280 7585
9299 5099
220 3672
6140 1388
4113 8762
5438 9449
7555 7562
3290 3040
5862 2019
9690 6439
3355 4261
4643 7296
8294 2089
8875 4561
8193 3963
9668 8201
7370 6929
1973 6857
1011 9365
741 7286
4169 1797
9387 9741
7048 1364
7659 7410
2879 1608
9215 2379
6620 7655
7741 482
1416 8435
1940 8136
3646 2334
977 6328
986 5657
8394 7350
9388 1932
3871 7245
3925 2674
7256 9431
3950 4711
3109 8690
6452 8922
2089 1877
9708 7590
4408 1138
2004 3589
4115 9140
6267 1751
4691 4003
729 5998
8803 3521
7676 7741
7191 1495
7420 1846
7436 7085
7128 5546
9479 8643
8800 1479
8041 4128
3485 6724
6914 4249
4316 7151
5719 3474
7869 2908
1735 6221
1571 8505
5879 5391
4164 386
6892 5761
8147 5149
5101 3950
9571 9127
7642 8922
3966 3651
7079 3585
3388 3756
7851 7479
7798 4527
5217 1617
2222 2511
4600 5848
5851 8239
1508 4367
375 3934
5982 8442
8278 3343
4881 4270
8061 7914
1249 7742
7305 887
2549 2722
5246 2725
2028 4919
8901 4855
2949 5735
5808 177
7347 8300
6586 6233
7752 942
9881 530
5454 6373
9655 9198
7028 2110
7827 2414
7786 2186
5420 5546
7519 2989
5883 4963
6980 4489
6857 134
3204 1649
3951 1463
3492 286
3543 8573
1566 272
2893 4604
7813 5285
8363 8499
2116 6937
8449 880
991 4874
6533 4835
9704 1477
2845 7242
2366 2532
1604 4314
6572 4910
6759 5293
9379 5673
2519 6529
2456 4180
5491 5636
562 6067
1111 4360
5200 3875
1543 4050
9680 9376
918 1922
5349 8986
997 3265
4661 3771
9767 328
6185 3081
6777 542
5937 8307
6939 4774
2855 12
4445 4757
5444 8053
6832 3827
9269 193
2545 8997
5088 4044
5546 7523
8035 5194
3589 6210
4489 4572
1765 5435
4873 8341
8398 7635
9890 8805
3875 7648
9447 8841
3219 3326
9365 1214
124 4447
7924 161
1876 4373
3235 6988
1942 3198
8480 3750
7894 5771
4574 2863
7819 3832
5158 4504
221 6686
4955 7085
8204 5626
7574 1197
3927 6609
8690 7673
5113 9254
4575 1682
386 3976
7774 4532
2430 8114
5479 2545
4202 8671
2983 3098
5270 1441
1445 9897
1572 3695
9726 227
5900 1420
6093 8191
7064 2414
6729 9808
3705 800
4506 3623
3648 2384
8657 1028
7217 6308
5586 510
8224 4295
3326 9907
5263 6877
9074 3300
9835 6302
3056 8357
9856 6528
3194 3502
1452 7894
1158 1354
1682 6808
343 8425
8550 2366
630 7964
5012 3656
5126 7875
683 7446
4128 6812
5320 2451
9106 7051
2323 397
2645 3584
9024 4216
6937 6411
1886 2890
5124 2674
6230 4033
6807 2460
7778 6712
2959 4645
3611 151
9449 7767
8524 8570
1922 3348
480 6877
2078 4902
1274 2963
7311 7034
7173 3143
6648 9265
201 7695
4258 5510
8390 8056
9745 577
4400 5761
6988 8841
8922 3217
3043 4922
1166 9426
7243 7149
5801 880
8505 8147
6340 7989
2917 3082
6302 5927
1052 5491
83 2782
6993 3925
7651 8935
3110 725
2503 5156
9507 6138
3292 998
8264 6199
5359 5843
7400 5428
6890 4
9378 1243
2482 6779
4467 3715
9114 7132
8695 558
6528 1462
7141 9249
9311 1462
8793 4314
4851 4824
7968 6695
66 8820
2963 2089
1506 1899
7318 5214
8923 9740
8560 1105
1912 114
8260 2835
3836 2683
4198 2644
5280 6550
3218 8148
2183 7782
9523 3348
6529 7622
4096 9257
4838 333
1786 5163
7714 1967
6796 213
9020 6517
7765 9840
4185 8300
8669 382
3823 2825
2110 5721
5407 1544
8173 5736
8374 1762
732 4270
1180 909
8164 8679
2453 3844
3784 9714
656 4008
9785 9215
204 784
4268 7752
382 2914
3298 1623
9138 6862
6170 4799
8352 9781
6284 9555
5251 8971
4786 6807
3932 7059
7832 3025
4145 9399
2567 8583
6997 6257
2997 8264
988 1416
2328 4492
1337 1876
3185 7997
4633 8637
7105 1345
9501 434
6349 8667
6567 3851
7307 3031
7059 3
4116 4721
6673 9388
7489 9262
1381 9310
4295 7182
8417 6862
7337 8153
2520 7996
3832 5736
243 1717
1376 8780
3567 1749
9840 252
4532 4708
14 5925
7954 729
867 6757
8435 530
8992 2949
1716 5038
5023 4393
9593 4024
2996 887
9254 7106
5524 6678
7644 6289
6660 2989
5145 2276
7196 9103
1186 8589
8820 8971
909 1749
3484 8545
7997 5223
4155 2567
5800 576
9986 2598
9407 7825
4806 5639
7750 7178
9414 9327
6380 9051
6263 7216
1636 2735
5745 941
8530 6323
7310 7642
3867 8746
3565 8374
3114 4225
7825 3976
3699 6100
3771 1382
3645 3387
4167 6164
616 1995
5578 7039
2584 3833
7702 7149
446 9262
318 935
5691 115
1659 8206
8163 2545
8555 1454
1913 6407
939 7865
3541 6507
9244 3921
4787 2524
7904 3666
5494 8733
2046 7867
6614 6015
4184 5263
4493 3543
2875 3120
5308 5698
35 6289
5304 8390
1565 7881
5885 3185
7097 4439
9150 1618
4356 2166
9974 8980
4216 7616
7039 5787
5205 587
9519 679
7242 5349
7655 6700
7024 790
2928 3408
4333 5824
7471 7900
4644 6586
283 9354
8178 7963
9590 9974
7466 7543
5998 498
2389 8085
4353 942
3473 9534
2040 2541
7083 6068
9526 1034
6065 7258
9559 2001
4783 4648
1645 1843
1091 425
4325 6871
1855 7181
7760 6711
4689 6704
1109 1128
6330 3846
8752 1682
790 3867
9249 7108
7690 8026
6926 1094
314 2078
6903 567
3678 8826
9090 1898
7674 1024
3610 6065
2446 525
1427 4706
5156 2031
1138 3333
8482 6077
2143 7548
7262 7541
1649 4774
1491 4716
38 7815
4812 7110
995 1942
6076 9887
4898 4
8723 3843
5665 8643
3846 346
1557 7865
1121 6237
9184 5234
6527 7183
7683 3965
105 2511
505 9426
8818 4854
4249 6763
6259 1540
8504 307
532 7968
8897 4806
3986 6903
6482 5788
7696 3774
7766 9373
7845 7270
1999 3543
4934 6391
8674 124
8064 7796
2031 7997
190 7708
2451 5538
4027 7750
9587 1655
2162 2940
2414 1379
6800 5788
4595 532
9637 6516
5585 7410
4097 4475
89 9132
4385 8256
3677 2873
9851 9187
9092 1320
6610 9976
9310 5983
4003 7405
3952 7494
6463 6653
1754 9986
8253 3388
5059 343
8813 776
7680 8577
125 2997
5226 6479
6888 8372
5048 2355
9591 2647
7722 1496
9764 2996
5741 6241
8755 7080
6168 2526
6011 9613
238 7405
6411 3780
3211 9674
2281 6463
272 6111
7451 4706
7963 6050
5487 6086
4613 5244
3947 4436
7372 542
2038 6498
6623 6343
3308 4644
542 7270
5003 8677
3780 1544
6653 4977
2737 3495
3125 5409
1690 9347
9818 7798
9009 4475
785 4993
4088 107
2192 2182
9291 2276
4500 7028
2684 8056
3031 6614
8544 6877
2735 4872
976 3065
7539 206
5999 2165
1373 672
9539 6877
2400 9855
6471 3500
5592 6609
1655 616
1801 3080
8757 5862
9756 7112
7527 3620
4769 3777
9984 684
4439 1745
9327 8236
4123 8826
4324 9074
2534 2303
2320 6038
5843 4242
9810 7464
4173 3121
672 7674
8868 7683
8924 8328
4540 6845
1207 6182
3503 1716
3048 1936
4989 3992
7639 4117
2736 3888
5656 6926
1000 2074
7966 6138
2674 8776
4090 8135
5250 9595
5713 4985
5560 782
4480 4633
7212 289
2570 1285
4879 6629
8114 7051
9321 8889
397 9668
9255 3458
746 107
3679 804
2345 5338
894 5670
8350 2057
3620 1509
8604 6125
9553 2962
6101 9467
2307 3559
7871 7938
8152 5830
7054 1358
9741 6008
1512 6922
2058 4454
8062 5101
6279 7265
1601 3774
1988 9486
1092 5108
4993 810
7458 985
4525 1662
6772 911
5707 4014
193 6924
6699 1592
5249 7228
260 9346
1447 6766
8196 7799
643 6653
2873 5138
3428 8506
6787 4574
8167 2242
1513 8135
5771 7964
954 8121
3464 6759
684 2855
6210 6896
2624 361
6922 6148
3275 4139
4186 8457
62 8044
6912 6321
5005 1024
6256 1621
4963 2706
8401 3596
9456 5829
1613 1645
2093 227
1378 6033
3656 8313
9836 5560
933 4330
2148 8182
6119 9825
6919 3524
169 9159
6740 8264
4536 6314
548 4108
4985 7641
97 895
1785 9630
9754 1675
502 1536
9938 1025
160 7777
9316 3827
7266 7758
1028 1725
1753 1856
3710 5012
5244 3565
4265 2192
1059 5785
5891 5017
7777 8592
523 2790
6260 5084
3154 3120
2296 5776
4768 9293
9612 5075
1871 5640
2415 4012
7541 7212
8539 1682
6343 8997
1546 3102
3295 4479
8432 2571
6421 2086
6711 3570
2691 4839
8056 486
2524 2282
911 9159
7699 8060
9363 5506
4931 4586
9122 6377
1297 539
3214 4481
7900 8524
7705 9680
7993 4735
4872 1243
5175 3420
5018 7752
2447 7593
1029 2526
6165 9698
5756 7446
2407 7302
8573 2706
5194 9452
2683 2040
4686 107
5332 4083
8561 4954
755 6182
2588 255
9913 2710
1128 8476
4923 374
1943 202
6303 123
4286 9112
8499 127
9279 6526
3332 8683
5137 5030
8001 5254
2129 8987
5448 7475
4374 2692
3183 8501
3627 6481
6396 1565
3367 5249
9596 4201
3916 6927
7550 7809
1304 8220
730 4213
4964 226
5474 1913
6222 9337
3737 9111
7987 3132
5995 9042
5549 9287
6730 7754
2576 514
6233 553
1439 2107
7581 1690
2526 3004
2825 2192
8826 1753
4139 9454
3123 5494
7306 6804
1187 5997
2616 6463
9482 1945
8333 8802
2126 1978
1198 6875
1521 5246
3714 3290
90 2177
252 597
381 8419
8246 8001
3265 434
2301 6623
7938 9910
6184 4989
2890 5729
226 9949
2644 5312
6732 4735
5856 8475
6804 9591
2938 8606
6428 8453
1354 2565
4098 7191
6408 8723
670 7924
7170 3446
3012 6465
9 5776
2294 9429
8746 4308
5453 3843
7596 6796
6609 783
1151 4661
6792 3448
6438 8300
165 1668
7823 7196
292 3347
1936 2327
2957 418
7132 7894
2405 4993
7660 1378
1857 7321
5036 5244
6761 1876
4948 567
3535 7622
7343 2672
6517 7555
8531 2992
7506 2781
9921 2253
4874 4258
6133 8168
5959 5418
1892 7183
9524 2327
9779 119
7358 2384
9400 8736
1094 6580
258 3323
4835 9769
2538 3611
8308 734
1420 8060
530 7340
206 6796
712 2437
171 7405
4479 7871
2571 2417
9287 9955
2843 9994
3872 4169
2634 5306
659 3176
6809 4422
4035 331
1434 933
4432 6166
2403 3621
5087 9271
4447 8841
5350 4434
5505 8413
7677 9504
351 9940
9769 317
4089 4148
3774 2701
5066 6815
2759 6689
7648 583
9265 6321
4205 1430
9669 3120
8802 1555
8653 8312
8611 1485
1441 4779
4112 1055
8192 2576
5463 3620
3778 2210
1034 3161
4119 9361
2490 33
9118 9128
4845 6879
2958 7402
8969 6436
1323 4142
3961 5108
153 4566
4880 6111
4109 8409
687 9209
9707 34
1889 3423
2916 1837
3495 6396
9875 552
285 4116
2210 6787
5172 1161
7270 3060
5102 119
7536 846
8921 6447
681 2260
7430 6676
9706 9514
7889 7283
7913 7016
581 2396
5604 185
1505 8722
3309 1876
4328 4098
3301 379
694 5589
7085 6289
7074 9112
3777 7574
4545 5769
4566 2894
2146 5997
2541 6793
255 1241
9808 5706
2642 3198
3903 2989
1524 4375
1981 5412
9713 6854
6976 3013
4375 3396
8739 2335
4567 1431
7584 185
6212 42
3818 3848
3917 3505
7863 5788
1250 2015
4436 6260
7882 6851
9219 4782
1808 2217
6582 5699
6851 1488
1022 9708
8142 5652
5017 3031
1684 8567
4163 5412
4649 3596
1674 6767
1695 5272
8218 5282
7283 1899
6038 465
7257 2364
7964 4091
3329 3002
2009 4125
6578 402
6984 6016
7134 2748
1728 8585
4211 7527
150 37
2908 2949
9358 3785
2252 2104
9610 8810
826 1429
8439 1194
5230 9432
1295 1936
4604 1898
8426 6672
5639 4738
7298 502
4762 1613
8036 3341
8976 635
127 4333
2255 9335
6544 5589
5638 2778
895 4807
797 8857
5818 2156
1843 5403
290 8556
7407 2401
7183 5340
7111 741
734 9810
8069 6527
7130 1745
4367 5793
8054 4316
9146 4869
9784 197
6733 5187
8722 2396
2940 6025
1495 4747
3863 5669
6105 4139
2178 7750
5370 2055
311 2333
6479 8064
1248 8809
8683 5308
7978 6582
3482 821
5811 425
4807 8088
6162 4718
3372 8689
1895 2119
9765 3526
5775 5231
5310 8977
1870 7299
107 2369
7263 5285
3423 4993
7892 1673
37 8567
1925 2873
7731 2711
3002 2256
8345 418
8380 2565
4301 8901
2214 1090
688 8334
2233 905
115 3893
4586 4202
8230 7815
6507 4172
5830 7361
327 3176
3596 9858
1553 4718
1983 3323
6498 4400
8078 185
4844 1451
4583 4511
2061 2057
2685 8589
7288 1572
7446 7423
9888 4602
6978 7871
8191 9559
9132 1462
4373 4050
9877 4472
1675 5082
1271 4120
1623 3209
4219 5296
3757 5134
2962 2613
3233 4253
6550 421
5284 9322
7529 7133
7595 5230
8650 4888
592 1528
7008 5555
3559 9760
7725 5472
8541 9240
2120 4173
4179 6342
4149 3198
1898 3757
9128 2156
9332 1094
6103 1902
1093 2928
7975 8701
1618 9442
8696 4545
2512 8254
4315 1161
8701 3304
1549 2710
2495 4559
2433 5921
2748 911
9583 8091
1058 9066
9111 7673
94 1613
6709 2155
8091 4205
3234 1218
370 7840
6092 2716
7409 8535
2990 681
3396 9426
5962 3739
2316 2103
4409 4273
33 1590
3621 6101
1939 2262
2819 4114
7862 1026
1160 3104
2905 2357
1581 3917
846 4145
519 1705
5367 592
312 3469
2866 6866
3634 2780
246 3951
2263 2202
7341 312
7899 372
7278 4374
4528 4069
6414 4777
6312 8026
4508 3715
5861 2292
6971 7620
5636 8236
539 5944
572 2764
3241 5894
6565 2970
1393 6016
4428 7262
372 1722
6236 1019
2568 3965
5703 1978
6245 5694
4522 6932
8736 9642
8864 4464
9320 2589
3220 4563
9828 6167
9158 1849
968 4910
3278 8328
6822 9525
4869 1410
5136 2815
8583 785
8378 5538
4487 3096
4165 6404
3222 1119
4531 849
6815 5213
9166 8799
7110 3906
355 6456
4561 1482
8125 8254
3055 5234
4884 1501
8714 9068
9347 1654
7277 6555
3716 7360
5625 5974
6955 6237
2282 8543
1594 5440
1281 6933
4779 6245
8679 6386
88 455
4418 9786
1463 3211
3664 7058
4889 9442
9159 9725
1996 5147
673 5224
3921 8611
664 6740
9152 7246
4777 976
411 299
9579 1618
525 3114
4785 261
6526 5030
5084 6142
1236 2508
5884 2129
8715 7964
1978 5470
3520 523
4148 5224
926 7254
4834 4595
8616 9442
9515 3652
3458 7700
2761 1307
3992 9153
4821 9836
1132 7058
1110 5720
6066 9460
2505 7725
1918 1533
1219 9815
8024 183
9429 8164
458 3512
1991 2173
5644 7298
6457 1253
9257 6402
5589 9251
8307 8952
7492 4325
300 4146
418 6531
6686 5694
361 2710
9976 1728
4930 1417
8955 5379
1937 2594
1920 5886
68 958
8681 4855
5272 6166
4451 8461
822 5536
2276 4694
1809 4847
1033 4774
6593 6572
1055 3367
2441 3994
7067 5150
6182 4783
4005 3970
7201 2938
8980 2217
9833 6167
4647 5000
5511 7978
1366 2961
6154 4216
6821 5316
6779 9651
4040 5758
6321 4349
499 1739
1263 137
7748 5184
1878 7677
5921 5174
3040 1376
9809 1200
9476 507
518 1896
5147 3148
9460 3778
8617 7288
743 9092
8710 4112
3965 7464
8126 9939
5815 1898
2725 3345
7617 6596
8863 9787
8140 687
6712 1668
3446 1599
1454 97
2811 7246
4431 6058
1626 8771
1647 5254
3102 3583
3587 1621
526 1902
7177 7760
2353 8793
2706 9593
9248 5333
3121 9098
8619 2289
2292 2093
2268 6050
8517 5319
2858 1102
1507 3123
1073 1809
9040 2262
3570 158
8961 674
5150 931
9062 4116
5174 1153
7879 6099
874 6190
9467 672
6767 255
1648 9559
6213 7212
2923 6279
9574 535
9227 7595
8170 1893
449 7443
5381 7790
9293 34
6464 6629
4839 3324
5498 5907
8833 3689
8000 4358
615 2111
6885 9959
2150 4237
3709 7747
9053 5528
9534 5674
4454 6574
1096 7451
2364 7254
3689 4569
9066 9247
1486 2807
3448 8044
4082 7280
6422 689
4829 8254
4180 2523
9271 6092
636 7867
8610 7748
3193 1373
4016 7712
3857 662
2224 7807
4947 3323
9174 6074
4025 8451
3770 127
544 8446
2039 780
9772 724
784 8530
901 3762
7860 2038
7478 3085
7388 6589
7391 154
6220 6243
9492 2069
5010 1194
8044 3104
4578 5621
6569 4823
5581 2423
6949 224
6805 5460
8475 1245
7571 1687
2921 9389
2967 2580
227 5023
1130 7187
5460 9719
8243 1701
5312 4654
6923 1351
9568 5377
804 9378
3440 8074
1056 8591
2379 9496
96 5474
7747 7361
6033 9482
5030 1217
456 6230
9091 9706
4064 1460
466 247
9191 8497
2672 5559
1266 3131
7935 561
4459 6821
3798 7808
5377 4142
626 2232
2698 8809
8066 1332
5612 5644
6487 994
5077 5897
8935 369
6718 6500
2213 2746
2473 681
2119 220
4774 8735
5225 7170
9971 4209
432 5285
2168 3407
5000 2815
7148 5394
9488 7016
7627 9425
5700 4902
5082 2642
7362 3774
5007 9224
1278 185
174 9930
3593 8742
7480 8594
2587 1734
5428 8666
3140 279
9116 4785
6100 4638
2260 3875
8944 6410
4721 9262
3911 4008
8779 4087
2710 305
9773 2168
1047 5757
3831 1991
9284 7408
5429 4902
5477 6618
4986 4926
6675 8949
6896 3398
4526 552
9621 6982
9461 3682
3808 6931
9112 8671
5402 207
9474 9404
4125 1855
8026 801
5650 9325
8577 4362
5942 3682
6664 4219
3131 4114
1311 369
4017 540
1767 2422
7456 8351
6377 7840
3724 2041
9632 5406
5829 9248
9301 3317
6149 4675
4971 2788
1787 977
4291 7081
2705 4991
4548 1209
3691 853
627 787
1253 7324
9052 3773
463 8619
5396 2173
6455 4371
3766 6122
8309 7183
3018 2225
5673 8591
235 9016
9572 8523
3514 4163
2090 6379
9149 9157
9525 2258
7045 2000
1555 6181
7046 1097
233 6624
5504 2391
2335 8637
6410 6927
9176 1525
2851 3792
4194 5884
4609 5128
3511 8733
7053 3619
73 204
6535 7013
6690 1533
9139 6914
9555 6421
5160 2368
4033 3639
4153 3836
904 2854
126 6220
5480 539
8471 845
4894 3792
7286 2771
8255 4040
689 9139
3600 9129
7712 2958
2668 455
5776 8916
6058 1297
8840 8011
1837 771
8589 6970
211 4221
2454 6119
9425 1016
8011 6455
4270 3290
3404 3829
2384 3453
9627 4524
5555 318
9233 2690
9661 9276
7336 2207
9698 6308
1761 2220
5165 1670
3727 185
9003 6351
2041 6007
3773 9577
7881 103
4591 5938
5128 8960
1743 812
4517 8074
9529 7164
5789 8498
7463 4934
7844 3607
9217 3734
3698 2194
8537 1561
2933 42
9907 7624
6752 543
2166 6879
4594 2717
2750 2577
2611 1424
9404 4184
2186 901
6281 3069
9222 6963
4771 6968
5996 1818
8815 1604
6676 4277
2794 4433
8461 1956
8451 3531
487 6981
7421 8589
137 4062
3826 8399
753 724
3254 8198
402 5789
7969 5536
5931 9813
984 959
1164 8967
6193 5300
7033 5153
1134 1050
5925 6740
9440 2777
1610 6494
128 3814
2288 7351
5296 741
6181 5564
2636 1931
469 4317
9686 2282
2106 4557
5609 3119
5802 3148
760 8218
7898 544
6143 9680
5699 4552
1016 5400
3009 5002
4507 8050
2945 6576
2508 950
8841 2167
1638 7517
1218 7493
2741 4844
4640 9214
8446 6230
7356 1801
3213 3139
1410 7466
3827 7895
5383 4710
9346 3989
341 6130
766 3183
6151 8320
8954 1306
1406 3354
1351 5699
5161 4439
1245 2089
1879 2656
535 9661
5300 2453
3563 6885
8942 7061
9819 3093
9041 2788
8735 2574
4166 450
2237 5845
820 7382
5547 9242
8538 6028
7493 2350
4810 323
438 9857
8698 4892
607 8420
2673 1931
6866 289
5528 6947
5714 3489
5753 9221
5316 6810
207 3502
6596 1983
2975 6449
434 9388
5788 2790
716 1245
425 7941
1232 9883
8615 3641
7625 1435
841 4824
2801 3384
9709 4264
4444 187
7200 2173
4330 7402
1776 9155
9929 7400
2714 6822
2065 3917
4377 9819
1960 7798
4247 7239
6992 17
478 2944
6689 1335
2277 9166
1995 6242
1026 8351
8762 5456
1119 1902
9168 4253
2262 7113
8916 6424
5733 1285
9813 3036
802 577
12 5059
4495 5397
7876 3923
9931 5302
8476 9972
8313 1110
515 9993
6583 2815
8077 3115
717 6559
6055 6612
8721 4528
7109 9479
9837 9077
6436 4917
6629 526
3462 9647
2942 927
5624 8047
2000 7331
2207 4725
7864 5164
4347 3606
2558 9292
3853 9552
3695 323
5994 6078
7491 3882
6669 6675
3238 8470
9919 9260
279 5884
9732 6850
2290 4986
823 4968
9552 3917
4107 5609
7909 2568
1739 9389
8535 1355
1310 7386
545 8615
8241 4773
8904 5841
1460 5569
2444 5712
8993 44
9161 7628
8377 5237
5844 7902
5940 6919
9940 9528
4443 8058
705 1090
1661 5540
4864 3725
7265 7443
2972 8050
7254 1786
2569 1740
2033 5650
540 9509
6766 8121
157 363
3532 8007
1203 7356
1488 1093
3580 357
4888 1314
6580 2150
2194 9220
2694 9046
4430 450
5616 3025
154 5333
6982 5465
476 2807
6437 6849
9459 9930
4587 3527
1008 9605
3008 2998
3476 5841
2678 119
3088 1864
4013 1548
2327 3548
3873 6244
3946 9320
7185 4473
1009 6579
2777 5006
8865 6787
8172 8706
106 8972
3848 5821
2992 4224
1479 9529
1818 9889
5750 3406
1208 8007
8784 3865
674 5164
2243 42
9192 1231
7949 5695
1984 1897
1200 487
510 6176
3489 8501
5335 7949
109 1748
654 4377
8594 2156
9718 9506
2536 372
4362 3932
1230 3912
6700 3031
3910 183
7735 9754
7953 1976
8367 380
3573 2482
6283 4476
4926 5237
7352 240
9791 697
9098 357
3221 6885
5873 780
2562 2259
4337 46
8372 5154
8228 6983
580 3851
1306 5505
641 1965
3360 1317
8188 8827
5705 1181
6850 5694
8879 3142
935 9196
236 4857
9752 3447
6413 2235
8373 236
2974 8399
7985 3640
7936 2726
3865 656
1496 2021
2253 9862
8666 5147
7365 9642
7537 2579
5119 1072
9600 4284
5403 9265
4865 2482
4262 8189
869 561
3493 5047
5564 1956
9889 1366
9094 4634
7706 413
6056 5068
2847 2611
3725 1870
1748 5914
2579 7786
7378 2816
2939 2983
5009 9357
9883 6468
3782 4533
4509 7526
5116 849
3728 4957
5554 8805
6334 5756
213 446
50 4157
1885 4526
9077 4710
8742 4020
2466 3433
1958 1687
1322 7520
2746 422
1590 1875
5061 3279
8007 6056
7314 8394
1051 1500
7808 5543
8462 7755
6239 8233
6034 6810
1024 7451
3027 1740
5837 6772
4 7543
3190 6579
9682 756
8640 7818
4441 4978
3307 2237
9850 8077
8607 1528
8484 6244
6240 7823
5845 7199
2781 206
9933 2202
4557 4963
2231 7013
5051 7038
9506 6147
295 6423
8937 7670
4010 6443
8465 7256
5577 2141
955 1577
5698 2512
4074 128
5348 60
8892 5340
6769 6616
6167 3790
1687 2213
4706 3716
3312 5563
2762 5498
9648 3434
9862 2188
8570 6410
8022 3406
8967 3771
5223 87
2991 2133
7955 2971
64 5938
7124 3168
7799 856
117 7665
4638 1500
7852 6565
9624 2177
2935 1823
3374 7583
8494 7381
2217 8606
2286 92
8787 9675
5237 8921
4393 4149
9250 122
2083 454
7443 9472
1951 5909
2656 1092
2854 452
7280 5705
413 3909
5569 6273
5418 5705
5264 2550
2221 9919
373 7408
3118 1141
564 3916
42 8684
7520 7033
7622 3200
3253 9681
5472 2667
9005 7207
2506 3977
4014 8144
2771 2260
4720 8787
1382 3848
3635 5385
697 9407
3740 8058
9232 3693
1072 4358
3246 2090
1077 8041
3767 5932
9647 2733
1955 5454
1893 7046
7380 5299
4530 7133
8889 4586
7999 2597
9007 438
3079 4209
8941 574
8719 8041
7891 9645
6474 454
6123 4567
6835 529
5197 5932
987 6774
4968 4549
614 849
2386 2363
7847 7951
6227 7250
3531 7562
7704 7705
4152 1897
942 5426
3 4805
554 2951
7214 3829
5923 1611
3119 481
860 6926
6486 3334
514 450
309 6201
8567 6334
5378 6331
122 1524
5724 5302
6839 7953
1773 9773
931 7430
6991 7244
7496 5440
5846 2386
4797 8911
8464 3866
8074 3798
2491 8538
9187 6885
2185 6849
5191 1028
6574 7160
6025 4371
8121 6675
5469 9038
4313 6467
7133 4952
8168 5846
2988 5689
7007 127
2357 2051
5976 8172
7820 8662
9016 1260
1989 9801
2993 8644
1621 7409
2502 9178
4235 4298
4914 3744
5642 6703
6199 5750
4729 211
8676 8654
4546 5785
2188 8050
9038 3248
3271 4347
8654 7308
9801 5931
168 6414
4267 7933
3764 9273
3533 3525
3804 403
5803 9827
3063 1639
4624 595
2082 3889
6378 5586
1305 9737
5341 8334
4935 3487
3912 8
9849 8295
1635 5103
5736 6561
6443 738
2021 1161
8661 3254
4473 8605
7013 3553
164 8132
202 128
2918 2949
9811 2460
2559 6423
1536 5454
2220 8005
2742 8902
5758 3583
2236 1736
3434 4729
4746 5643
13 3635
8689 1933
9994 4839
6877 7305
3453 1190
7195 3673
7576 9232
7937 8763
3036 7924
5029 3230
8991 494
2011 2170
6418 8608
8 8809
993 3919
3124 2407
8116 3347
2800 4136
5692 1194
2012 6401
5431 1802
8622 9494
7178 1310
2053 2114
6703 601
5058 5467
5824 4826
6078 5077
7221 5158
9303 1140
5615 7748
5388 9651
8606 2019
8211 4526
8658 9768
44 8557
5471 6967
7849 4987
4922 6209
5669 380
7207 641
7664 8797
8221 2041
742 5383
1824 1736
2391 6685
2976 6088
8773 2317
6864 2851
9910 2129
6042 5665
4882 9091
331 5320
9422 2634
2589 832
8663 912
6122 7754
1177 118
2202 7244
5568 557
3471 6413
9209 1743
229 3498
1476 9916
6117 1395
3612 2220
5919 4920
6369 4211
3035 3372
2906 503
9998 8587
9812 4086
4569 6533
7351 119
7768 6804
1783 2680
2618 9329
1436 6150
7959 4112
3173 9357
2235 1352
9703 2735
1584 1374
2968 4937
9853 3788
1864 2711
5571 5299
9234 9484
2818 4029
1544 7828
7017 922
424 5915
4253 1951
1802 6158
5179 6949
2228 3619
1146 4435
5019 9967
3749 8274
2363 5383
1448 528
8376 2317
3879 4481
92 8563
7000 2406
9815 8019
2104 5554
3144 1423
2687 5227
5333 9823
1706 7181
2420 4536
6552 5465
5227 7951
5909 8538
9768 5585
662 4524
5139 6672
6243 6875
481 3807
2815 3334
399 572
6854 30
4549 760
2790 3334
4727 1504
3333 1045
9487 9220
1713 1610
7282 6187
1097 7979
6144 7912
6244 4237
7543 756
1140 6585
4553 8250
6605 3999
6113 1661
5653 7414
3286 3513
9221 105
4422 2659
833 430
9130 7803
6934 2516
7402 8485
6130 4999
1355 9399
7758 884
9796 5408
8938 6144
5597 225
1740 1111
2947 540
3890 2149
1243 332
9631 5897
1534 2147
2627 9763
9817 701
429 2338
17 6500
8557 1533
2764 9621
1778 6425
923 9087
7246 3573
2334 500
5674 1130
5957 5338
6158 2078
7321 3992
4636 1221
1526 4634
3799 6235
6559 2052
9675 2584
3050 6350
3850 8651
3003 3856
1272 4812
3906 7790
9930 1548
5413 3278
3501 5361
2828 2811
8088 6166
9048 6719
8509 9760
3304 2030
9872 4264
6015 5457
5081 4553
6918 71
8337 1779
1161 3992
8334 5685
5641 7264
6031 5991
3421 639
9337 9066
1673 2523
6710 3443
7408 6349
455 1195
9047 7264
1585 2668
3987 4522
6932 3695
6241 7555
1023 7729
3789 682
5068 4781
4823 9097
5103 3915
3096 8752
136 257
7199 3559
7164 9837
3762 7405
7476 9866
7572 8866
1976 8338
8680 8705
6235 3884
6331 5792
4505 233
928 21
9203 9655
5134 2870
6389 6418
7058 8648
6249 1605
5694 2526
8189 8654
4043 574
1287 4807
2200 1446
3809 5997
5918 8662
593 9422
6523 9850
9640 2416
8144 1563
6059 1747
8274 6143
2788 4752
4761 5948
4071 2367
7081 7628
1064 2543
4562 9329
7952 5382
9097 876
5299 5745
1331 7520
8625 3647
3609 60
3266 3839
9141 7562
4664 3524
9401 1908
2211 217
102 9825
6434 1800
1945 1184
3461 1017
3847 5047
2001 5143
2156 1983
8470 6822
4893 247
5295 2091
6879 9267
4476 7069
6810 4708
380 6425
4800 5559
8929 5085
3382 9515
2436 7583
5513 2661
3437 1969
2721 4090
7816 8808
1592 9583
9491 5191
3746 2225
2821 2955
7233 5227
5854 1064
2716 8198
21 9713
2171 3911
6494 381
3092 4817
7320 4673
7473 4725
884 4953
1931 2875
2791 8496
430 2500
71 2177
7410 1463
9448 9827
1899 9959
7556 54
3098 6447
5512 4186
3344 9850
8766 5437
3756 9243
6706 2482
3898 7150
6272 4805
7991 7174
6882 9401
8236 6532
6963 7802
3401 5379
7495 9419
8582 4742
101 8622
2550 6799
387 994
6679 1134
2888 7922
7498 8457
4718 8231
2042 4978
719 1848
2961 4892
9795 7430
3999 6467
9200 4727
3324 5060
6662 1126
3331 4800
8343 9942
9057 4124
4309 9361
8457 8318
4323 9321
3652 1687
5652 7899
9178 5141
3941 3626
9394 3866
6102 9933
2823 8796
8600 7991
6229 3728
7445 5901
1813 3722
484 2393
5977 4946
7080 9059
5189 5956
1395 5757
3834 5532
2814 8337
6983 6049
8385 6739
8930 3350
3509 428
5111 2023
772 1227
9063 6616
4543 2232
6372 9786
9273 4307
2543 2056
6401 3452
9782 765
7308 2613
8973 6430
3614 6714
6917 6491
5163 4475
8491 6440
4788 5641
4170 7832
5385 3805
7197 6049
644 7396
8175 6719
2131 6099
6990 8134
1141 5739
1528 9060
6307 6524
4711 6880
8932 7239
8348 3473
2982 7985
7657 8587
9858 580
4359 5568
9762 8950
8083 9905
5127 8968
9503 3997
2051 5868
6387 4426
5730 7478
751 2168
4673 8600
3576 6051
4157 4880
3373 1284
8772 3379
3683 2601
60 115
5932 1221
5423 7239
4991 7727
9362 7486
5710 7119
1745 263
9307 9702
812 7437
2030 8170
8387 2659
3072 9427
3317 3482
6016 8306
5981 7733
3739 5658
6875 9203
3217 1662
3743 5918
3078 1767
2816 7898
724 5898
9575 9572
7392 2728
1779 5360
2092 9325
6814 1419
2484 1629
3882 350
1031 3533
9277 3734
6784 7255
1611 9242
9494 597
1602 9488
1752 492
9069 7625
3239 6575
7920 4966
4162 9359
5757 9853
5406 6523
4011 4114
5991 9610
8707 3915
9420 5381
9292 3354
5154 8352
9681 5199
5416 7113
4616 3942
454 804
3761 8514
3259 3665
9318 2354
7859 1979
4284 1031
7840 4810
7279 8307
6818 7392
9536 1368
9330 4254
1423 9088
3120 4737
1699 6587
3856 4045
3524 3344
9167 5970
1620 747
1605 8929
2863 7941
5361 9791
1136 8454
3315 5754
5382 9105
3670 7550
1402 9701
2149 2092
9666 6295
9081 8657
2208 6187
2713 7877
7805 1800
4124 115
8635 4641
1455 5019
7593 5901
8771 9877
1814 6711
7727 3744
859 1216
2542 8640
9727 6977
6104 927
2339 1826
9103 1854
7711 8631
1771 8489
7486 3722
7228 7282
3414 9129
5716 2259
4996 1408
4029 2689
693 5678
2659 2214
6261 7325
8431 7432
6672 9942
7652 5051
9873 4449
3483 4424
2027 1374
4175 4405
7755 7517
2477 2827
4365 9554
7264 5197
8420 6577
9352 5264
9046 7533
1533 4777
6425 9889
8580 5489
8396 9247
5346 3341
3029 9213
1789 9528
8546 6990
5489 1747
738 2683
4080 4473
1956 4515
5437 4120
4464 5382
8850 1917
1368 2951
8176 8942
1629 9649
4937 6418
6285 1874
2354 6440
4681 3013
9383 9978
1535 5690
2107 498
6237 8961
1470 8633
5901 7520
3785 7243
9428 6540
3632 5908
4910 5310
9294 1
2594 106
4105 5804
2998 5034
197 3900
3751 9488
7634 6353
5065 5575
7012 5723
7933 7404
3997 6914
7665 5566
7763 9565
3443 7838
3025 1620
7838 3761
8888 494
8643 3502
1540 4624
8406 6957
4450 1187
7009 9774
7324 7673
6382 1686
9509 1209
1458 5831
798 4051
8275 622
403 5295
3619 941
4114 9060
7302 3337
5785 8283
9954 7458
524 1823
985 8608
1227 8651
7325 3091
8452 6575
6304 8383
5347 4784
473 1347
1509 3239
2056 6428
6905 3116
5266 9553
3922 974
8058 9985
2081 8295
9696 1192
6156 9489
8809 5350
9793 6731
1757 5419
6485 2618
543 5353
3942 493
1485 5563
1162 2546
7941 2130
7350 2282
6467 5703
959 9967
5049 7220
5117 5590
3998 8234
435 3815
5606 4914
6071 8448
3338 7448
4917 7574
1964 8576
9266 9781
5441 9175
6928 9793
1972 324
6823 9580
8672 6180
2417 315
537 4866
9359 5199
1897 2559
1856 4424
2298 6955
1548 4069
7960 5106
5961 2927
3835 5250
1788 9310
2111 62
2264 7017
7601 8824
5630 2478
1803 9585
8413 90
7756 4311
4213 7118
4058 5621
61 150
8234 2114
9120 2049
4108 2694
3702 3732
9827 1817
2392 6286
4468 3782
5735 1434
8254 2004
3325 9572
5184 9876
1974 9672
2134 8447
5054 8628
8925 950
1117 3213
4151 3650
3760 8872
7484 3270
5496 8174
2387 3142
1320 717
1668 7081
8455 545
1957 7438
2857 9219
6842 8696
1969 7949
2191 8531
8157 6446
7738 6899
622 5908
3400 9192
573 1510
2971 5389
556 5521
4230 2775
5550 3482
8971 4473
3418 3792
5167 476
8399 701
1902 8689
5177 9656
2952 8334
4358 6579
2551 2036
2136 8696
4224 6191
6395 665
6920 1639
378 2368
9190 1661
3341 2039
3790 4058
2760 248
6205 5570
2960 7412
6247 1314
3267 7274
6313 9784
4015 3644
3038 8231
6400 9258
1003 9773
3082 5532
406 2628
1315 322
9339 4388
5944 5061
8956 8127
3843 1221
560 5046
3182 7139
8763 6920
3880 5090
1015 9766
6763 6721
1326 9762
4204 7912
8375 5526
3889 4205
7099 3706
205 5791
5786 6986
2052 6774
301 9310
9753 6491
1209 4467
6275 5007
3805 5554
9319 6225
6540 7532
3915 1561
3069 4370
7229 1666
9738 8118
5768 5090
8453 2289
7250 4411
5610 7859
3979 7603
8618 1694
9418 4655
3824 3598
8261 5104
9908 4615
3273 1372
3513 7603
3644 4414
1693 1044
1314 9687
3682 923
5860 1141
3944 3743
7462 768
7979 9003
5654 4252
2175 6388
9194 4388
54 9256
845 9530
1676 9645
9326 1739
5199 4681
668 5074
9214 8042
7751 7526
9335 3625
2342 3760
2563 7068
3715 9263
3252 3059
9356 7953
1435 3673
7470 4509
1890 7254
9891 2794
2600 5875
3672 8908
4571 6767
7113 3921
7030 4651
6519 8571
4307 754
3294 1173
9816 8109
257 2053
8853 2115
9089 229
9586 9963
433 4760
7174 8950
7395 7119
1394 1459
4370 6463
4086 9358
6446 5754
323 327
3379 6969
3200 8345
9778 8344
1050 4569
9087 2148
1074 4043
8705 5494
7518 1496
1874 5307
5193 4608
5475 785
2086 3003
8338 4212
6727 2676
3013 751
4298 9167
7160 703
7854 8037
4046 9443
8576 8045
1935 791
9463 1681
7764 7037
6388 1535
720 2238
9731 1850
9197 9086
6191 659
1247 6634
1515 214
5275 9689
7220 8454
3975 5260
3136 4341
7002 5832
9967 5416
5590 8065
4120 2416
141 5567
9441 3722
472 2771
9642 5902
4095 8090
452 4089
503 9712
4552 3098
8839 2775
640 7420
6579 9487
6652 6720
574 9418
608 2510
1374 7908
3091 2628
7158 6809
4252 9215
3138 5573
4925 2921
5203 1956
5331 4626
4264 7099
2724 3260
470 2821
8498 5961
7098 8635
2358 8940
3625 7070
1872 3994
3861 8315
9653 2055
1971 7872
5567 7110
4915 693
289 6804
9438 6966
2459 4158
9991 1771
9246 6940
4036 3847
7100 4207
7500 3488
5076 604
9989 626
2510 4105
8328 6256
6935 5342
5566 1824
3116 613
2955 6703
8796 1194
6600 9383
8250 2760
921 7872
172 6277
3095 8797
8486 765
2528 7344
4995 8644
1446 7118
178 4683
6869 2557
3933 7385
3734 8833
2160 4946
6063 7994
9289 1139
248 4919
9702 6524
3334 2057
2807 8923
5412 5818
1718 510
7150 8559
3398 5108
2751 1262
2310 1344
2601 7325
7831 9696
978 8956
1438 900
5380 6972
7404 8904
4510 594
1736 7549
7011 7939
7878 730
7718 7074
4494 8454
3969 3264
4892 1889
7810 5553
4524 5106
7951 8942
5840 7657
2897 1299
1725 7766
9435 915
2838 9458
5085 9790
3902 8107
3512 5757
6721 4742
1868 1577
7274 7738
8902 7230
3420 1942
2585 578
9687 8458
488 9723
6602 831
5287 6435
8332 4272
6458 9971
8360 3222
2372 8329
8716 1774
3447 1454
4329 1201
6981 1299
6972 5287
8365 6506
9068 5241
4743 5032
3111 6713
8231 7462
5363 3985
1168 409
8090 3509
3945 6990
829 9532
9585 7106
162 7994
85 710
1947 5160
1637 6969
5342 832
4168 9116
1255 4690
3498 981
183 9870
7119 9315
2305 3920
9468 2582
9054 6792
188 1577
6684 161
6637 2591
3750 8543
1216 6585
1221 6685
1666 624
6883 765
1284 7966
7354 1049
1816 9177
9315 9048
915 1450
2951 5138
8489 3351
1430 8143
9419 2355
3347 2233
2841 6947
2141 6886
8159 433
1461 2902
7101 4920
9978 5471
5538 9389
5369 5067
492 6920
267 1030
8685 1402
6524 1177
8911 6907
3542 8745
6950 2129
4760 6914
4776 8672
2885 1917
9649 1184
2440 5229
2274 6979
118 3609
9870 711
6148 4732
9963 249
3006 4119
6379 6979
7836 7316
6087 1446
4237 8971
6288 9514
3581 7896
8134 5065
5090 8891
8443 8124
8831 8789
3327 28
5052 9871
7251 4536
4057 5689
1462 136
5954 5106
8548 8072
4348 5054
363 4198
2763 8347
8008 3691
2717 2457
6577 9726
5832 922
9581 6677
9372 5515
4435 3808
4338 5536
2864 1399
854 5894
4607 4206
6074 2422
2457 1132
4957 4082
7726 2849
5929 7836
5806 1021
2625 1611
1639 2589
1850 5474
7934 4868
8799 1073
7782 8738
7521 4250
5623 4591
468 4634
1289 6006
1907 4163
557 7782
5989 98
5337 2514
8235 948
2419 4861
8075 2253
4069 6182
5841 8498
3085 4700
9672 9484
876 413
9825 4641
8631 5189
409 5016
3935 3282
5791 2800
2049 765
2190 2560
5812 4374
4002 5177
1660 3105
8817 8378
8447 9534
6014 981
7010 6362
3291 4092
6049 8615
1561 8476
7621 4449
2057 1486
7316 9785
4683 8580
4317 6870
6190 1126
9774 595
6940 558
2728 2594
4602 6370
8383 4262
3675 8176
5039 219
5390 6389
6292 8772
3226 2580
7096 6964
501 1825
4504 958
8295 8943
8327 765
2874 2348
6708 8609
2641 4210
8468 9203
1228 2345
1822 6201
1686 4338
345 2558
5632 9318
4573 5559
8040 6651
2055 452
6430 758
9361 4602
4217 2192
645 6901
758 9600
6746 3139
8633 1911
3474 7614
1531 8840
9180 8359
890 1799
8127 1402
7187 328
787 5145
1044 136
8089 3497
2820 3064
6756 758
4773 179
3591 852
3059 8929
7679 1437
4780 6958
9462 508
6906 4036
5819 7299
9554 3376
2631 5441
5067 9845
5970 2371
4456 2805
5060 9976
4903 1757
1588 4928
7317 8775
4979 3598
6627 1363
7910 1238
428 6767
7237 3168
5155 791
4212 2967
6003 8726
8788 6576
6755 61
239 8443
2626 6563
1670 7473
6252 3481
4641 5604
726 8024
4710 808
9721 1993
1774 8608
2726 5908
2827 471
7094 3942
5095 9300
6651 3793
6902 1560
1593 3455
566 3745
4877 4833
4856 3712
8903 5809
5043 6921
6921 3380
8783 6820
8867 9440
9329 1306
9242 168
467 3427
5986 85
1262 5129
3160 3318
8477 4749
6989 1953
5288 7396
4398 9799
5913 2954
9458 617
5046 5709
621 2066
6478 9532
577 9394
5464 3791
2712 1743
9912 6506
9455 4581
9030 8806
1347 6258
352 1253
8609 3273
5943 2670
857 3732
8501 1187
3166 6591
368 4469
8479 8295
2295 3054
4868 4082
7038 2096
6624 228
266 5593
6831 6575
155 8365
5108 6565
7603 1779
315 8077
8315 7477
1518 4068
780 6285
9181 3806
132 1039
1633 1829
974 2763
9898 3496
2591 1668
9580 7
5825 6819
9399 8684
4339 6048
1419 3168
4354 1993
7290 116
5781 1821
5162 4784
7729 8055
9060 4143
2592 6801
8587 7949
3340 5162
1804 9264
5896 7078
1820 7913
1131 5906
1741 6925
119 4307
9500 9688
7414 3083
8655 2641
2654 1374
6817 7737
98 6689
7078 1553
2661 5553
8874 112
8298 8728
4749 8132
9786 8376
7434 8569
8861 1056
2368 5791
1407 4222
8927 2022
8745 468
1829 8266
5712 8726
4084 6089
3732 8359
4066 5415
6166 2453
6350 7068
6901 8203
6353 2223
6695 1216
8400 9499
247 8872
4792 322
8454 4069
1038 9441
7602 8843
8968 4543
2768 395
494 2419
9300 7565
7788 7076
8037 338
1400 3854
9987 5193
9871 3400
2711 8219
7544 4601
7167 2611
6545 3381
4083 2274
6587 5903
8747 7939
5001 2988
4670 9488
3561 7697
1569 4735
1260 5906
9623 8406
459 8914
6010 5981
9342 8323
4698 1353
528 6744
3640 225
1653 4071
8073 9170
5034 6428
7230 4018
3665 7030
1917 4254
6838 780
2948 3173
2159 6128
9186 2352
3380 2962
9867 6860
4794 6139
5693 132
7797 5098
4753 5717
1627 3071
1517 8083
4191 2180
4055 822
8559 6222
848 6945
3130 1450
9258 6433
6036 2888
450 2155
759 4782
9842 6446
604 6930
9364 1974
1603 4505
3274 3788
8843 4472
3282 4792
7515 6915
900 5007
7732 3045
594 4092
1135 3037
4424 981
2605 3508
9043 3685
1054 7435
6957 1065
5573 8575
2393 6858
9799 6293
5723 8406
3736 7229
2423 102
4598 3703
3064 3659
2580 1184
8202 5842
9541 7944
1201 1400
9530 8904
130 3608
1993 9504
6264 1162
1030 5819
2115 7803
3505 5587
495 881
1597 6574
299 8471
3763 1831
9357 1935
5115 6563
4314 7137
1157 5619
8174 5399
9267 5496
1738 5464
4847 8211
3229 1353
8263 1911
3181 6291
4688 5977
5182 7411
5523 8928
8928 931
5129 654
5425 2606
8113 7100
5447 745
1742 5449
5678 2264
2139 8503
7843 179
5619 5787
47 3637
2470 6778
3958 4544
173 6665
7412 7090
2980 6080
2258 1981
2977 2703
2022 8038
6723 1970
264 1139
6211 3995
4048 4811
7137 5396
2422 2255
5695 1946
7542 4042
6286 344
6161 3435
8359 2348
3270 9284
2450 3095
8585 4
2117 1453
4296 7559
1722 7414
1831 2510
7272 7055
4770 324
8019 854
5132 4707
471 9310
7346 4877
8940 7281
5151 3659
28 947
1025 9712
6985 3261
9163 926
3455 6345
1095 6667
6293 8347
9924 32
7721 2974
6951 4857
996 1385
1353 9580
9376 878
8355 1855
69 641
9953 5709
4225 5712
7449 8369
5340 7904
3578 9661
7737 6904
5823 7328
2793 9527
3407 8255
4433 5429
263 272
937 6202
4705 813
3480 4402
2304 6739
6739 237
179 4388
5508 467
5089 965
5709 6076
1335 3670
8775 4179
6214 2393
9280 5521
5938 4734
6561 2139
8515 9966
4272 8680
6094 5117
9153 4313
7746 5737
6945 197
3795 1347
5057 1909
3021 3902
8628 1865
9348 1646
813 7849
1756 5162
1238 1922
5207 5045
9426 1722
4707 4735
9155 1407
5159 8758
1560 2897
9182 8755
6177 7692
4210 7493
3468 7729
5667 798
710 7243
8727 313
4719 6768
6575 5567
4222 6569
3629 9176
1832 988
8987 8625
8638 1905
8692 3018
9638 6434
4568 3978
482 5503
6370 4705
9514 6156
8423 4723
7513 1296
9790 3455
2272 8667
5408 5842
6836 7011
5419 7810
5594 456
3908 8490
1906 3170
3793 9397
5553 5789
5659 8578
1915 947
4940 7726
3854 3851
3830 6021
5510 7250
4564 2015
7588 2431
6447 7177
5975 615
6927 6171
711 6176
9846 2747
9260 4495
5540 7702
9789 8453
847 1218
6273 5001
6553 2449
356 2319
1747 6105
3525 9332
5702 6304
3744 1520
1102 438
2338 4978
6884 8728
4895 2310
4601 8323
7396 3761
8651 859
5285 3570
7076 4972
4811 852
9086 7544
7895 4670
1369 3791
5241 9164
6258 2232
224 5861
7441 4337
9508 9463
2283 9290
6677 4883
8185 2164
1065 6113
624 4185
184 9438
5646 7460
1702 2023
5257 9405
5906 5302
6986 6010
1273 9547
827 7465
6765 3488
3604 549
5334 4274
4402 9253
5878 7172
1183 5977
1979 4002
7334 9964
4819 927
6894 6107
4138 9405
7736 8063
1344 7037
3667 6933
9547 5147
3971 6572
7415 8990
4503 4606
7532 3445
4784 4995
7893 4850
3256 5467
7585 9809
9651 6120
5173 6342
3637 8824
9375 7792
9959 2191
7575 6509
7733 3682
2133 4414
1583 1872
5874 6519
2984 6819
2966 965
9224 7997
9012 6931
2753 6293
5297 3419
9716 8633
1504 6823
4405 2780
4206 1458
5769 5894
5307 7860
9256 7820
5364 4702
1799 5823
4141 2446
3959 8111
1625 7529
7139 6733
9371 7330
5993 2681
8552 5275
7886 9981
2780 730
3527 8972
8652 4311
5762 1801
5826 3294
2919 9306
7973 3780
1282 5683
3427 8258
3608 7951
5035 8355
4087 9724
7 3766
3940 9043
322 2546
2778 5104
2218 7896
7189 9872
6592 1357
2900 1431
9950 2269
4830 3169
696 3958
2486 9093
4442 5459
2516 8510
4387 6417
7717 3576
3142 98
9955 5153
5204 6716
2397 143
2892 4255
722 2431
9646 2125
9664 3948
8749 7392
5289 7249
8759 8186
7887 2259
4006 4921
1946 4252
9228 1086
9201 8428
4593 7476
228 1897
561 2630
5317 4326
8082 1978
3147 1210
4801 1795
552 7717
1965 2038
3791 7256
6998 173
5915 2390
6833 5035
6667 9173
5120 3433
1537 3097
2869 6549
8186 4938
9723 508
2747 7038
4200 9500
9800 2531
9535 8911
6801 395
4976 7519
7551 4688
5281 906
8571 622
8754 1387
3680 2931
1551 313
8648 4648
4245 2322
6665 517
5911 5345
9567 2919
9484 6968
1235 4830
4427 3391
6617 744
9701 2473
3650 6468
4859 1678
2435 1670
1231 1822
4921 3194
1363 1745
9213 8400
1357 9330
152 827
7976 798
3215 8389
6714 2546
6089 1537
4907 1173
534 8172
1953 7886
6451 1663
1911 7601
4277 1740
612 475
9565 9246
4197 4736
665 2925
3054 8894
9276 6961
2931 6288
5850 5446
3206 9771
6876 3152
6416 6219
4556 3722
7618 1468
7041 8874
5389 7862
6375 1823
2606 5415
1904 5794
3758 2331
4580 644
2802 2610
7249 3868
161 2884
2206 6790
1283 1926
2180 9940
59 4122
2067 3318
6631 613
313 6915
4961 7597
3115 1262
5967 8894
8485 8284
214 9318
4734 5683
415 5764
9671 4697
4581 619
8734 7920
508 2436
5015 4658
1715 5611
6576 1739
6362 5937
308 5402
663 8854
714 4996
3342 8501
8020 7086
9988 7371
2607 3604
6612 2610
2350 4782
1563 5115
7442 8771
8959 3847
4555 6146
2546 4149
938 5659
2413 8540
945 265
2533 6155
2609 6746
1806 8939
1680 5100
7131 7944
9981 7998
5394 5002
1578 8958
340 4090
3510 2533
1408 9888
7016 1847
4966 4042
1451 6161
9136 4735
8190 2615
2165 2854
325 6017
4697 8190
7267 1172
2805 889
4243 4279
9777 89
1550 7780
704 3538
2703 1906
6744 1324
8329 109
287 9471
4255 8783
1696 1758
8047 6509
3108 4106
4207 9770
2280 4190
2416 7955
7023 1660
2329 8160
7502 1258
3984 2547
2331 1913
3488 9080
4368 5799
5459 2974
4999 6995
3224 7748
5450 3126
8358 5207
7448 2467
950 6516
2360 192
3481 5204
3104 6651
5187 5909
7534 3603
6295 8269
3279 67
6743 8564
9863 4466
6530 4134
6118 3425
2480 185
517 3774
3970 5967
5515 239
5984 6219
2390 6219
5809 7602
7688 6541
4241 6960
4676 2141
7339 9341
7812 7719
9058 2560
9689 3830
3909 9873
8059 2383
8197 5176
6541 4296
8042 1614
5086 4509
2337 3606
2270 5430
7069 7680
2500 4664
8025 1088
6468 6527
2785 8101
2142 910
5904 7449
2036 6300
5097 8769
2732 4389
5903 1308
4411 2011
6520 8266
2234 1039
7440 7502
6691 7267
2927 7
6407 2687
4696 1600
2383 6301
5575 5356
8805 3847
4795 5976
6480 343
8644 5724
613 1931
685 5643
9787 7595
2876 2306
7047 6515
3703 8958
5827 7688
4723 7554
9473 4902
1762 3619
371 914
3277 9557
9601 6284
4156 1231
6299 9342
5164 9632
5190 1417
1090 4398
7432 1777
8300 4413
3126 2600
1600 7290
3974 2467
8936 4260
793 5118
7215 3959
7554 61
920 4850
6826 4837
3262 1809
3668 443
6134 7272
4651 594
5365 8063
1070 1780
6797 4041
2015 1417
4817 4607
5799 5261
2924 4225
7166 3969
3639 1260
4331 7565
3139 6572
5440 4634
9218 2465
6626 8477
5104 5282
9417 277
7435 4800
2902 8542
4861 7576
9670 5930
8543 1521
2118 2112
7287 3890
2471 910
8210 2842
4371 6008
1385 3857
906 1157
533 1320
9992 5462
52 9594
6947 4817
4466 676
8891 4773
3693 6027
3806 9736
8985 9162
7566 2869
8896 3887
7328 8731
3391 9611
6218 58
3508 7050
1644 5572
2832 2426
6277 6881
6080 4937
4475 4479
1746 2455
4190 2238
4863 429
6915 910
7613 5427
563 1346
4659 2745
2352 6118
5415 7520
9527 9118
3502 8668
889 8095
5302 8969
3654 5004
5908 6890
5761 4031
7487 3350
778 9212
5171 9162
675 8937
8145 6552
3936 28
8835 8251
5208 1377
5118 9942
2406 1371
6265 618
5449 3488
9861 7452
2343 3099
3685 2584
8979 9537
922 4495
2226 6128
4068 1070
5393 4672
4246 1862
8342 6301
7411 3206
1701 8741
7299 6214
4850 5957
6722 6365
7912 9666
5536 1464
1730 9069
1842 3937
601 7554
4303 9280
3538 7766
9843 6092
4684 3583
3406 8192
3659 6782
6298 6925
3097 3966
7035 7531
8050 5568
767 5905
306 9500
1210 3069
2540 3908
6775 5661
3263 2563
2629 3806
5831 4629
1522 3796
3788 228
7839 4160
9770 6970
8109 2708
958 2883
8316 9633
8472 2375
2306 7719
3603 3166
7675 5218
4414 533
8392 5617
5144 8173
4634 2041
8038 2692
6226 5468
2318 4611
7472 1192
5784 7751
3745 928
5907 3792
3381 4477
3264 3579
6106 809
3368 5328
5737 3788
8156 7776
752 7540
8726 2147
5591 6099
9328 8664
754 2289
4558 2772
2229 3821
2374 7618
3045 214
8226 7839
6872 2478
549 4250
2426 6643
8217 1627
6958 1435
634 28
9874 4740
6960 9944
9532 4270
4544 9737
7490 4523
9528 8076
1926 9939
1510 2094
8302 7625
792 8095
6159 5608
6968 3085
8806 4776
4941 9556
3796 5671
9879 7497
199 2994
4073 8430
2670 4410
745 326
2395 3929
4550 5850
3957 6619
513 3057
7896 5238
4484 2413
4655 4112
3499 6450
8983 7147
9739 9622
8269 2563
1848 2954
6420 9711
116 2151
2299 8089
9755 2439
3152 2627
5668 6453
828 2540
3261 1468
6899 9690
6052 2448
265 7792
3330 2095
4389 3673
7509 1663
6107 676
8686 5300
4154 8079
7397 3349
2254 5686
3995 8978
344 6876
782 20
8950 6744
5838 2470
9471 116
881 8071
8049 5570
93 6732
9389 5042
7342 7685
4292 2034
8578 7397
7147 2612
5621 1353
1750 711
7387 9286
1020 8271
7945 1634
1500 8564
3424 3296
3257 1795
3296 3381
4668 6770
6018 7426
339 6374
4482 9026
916 1689
219 2322
6748 9581
6770 4859
4658 1661
1709 5345
6201 4780
3990 6625
5328 9537
3556 8851
5106 8759
6843 436
326 371
5914 5847
1665 2994
6342 2842
2681 9816
8960 5980
3376 2154
6037 4023
1821 2716
3792 3498
9657 9645
277 2132
2615 5366
1525 3887
9145 7698
9308 6768
618 3239
8884 9805
1450 2966
4498 5790
1437 5956
9712 3699
2147 7008
5754 6321
407 6395
5452 5427
8306 2874
4606 5792
4469 2159
6543 6879
1443 1290
6150 7946
4924 2201
7040 4322
2730 1689
3435 7736
8958 8587
9734 5508
1053 9173
3198 8819
7467 764
4106 6989
7607 2960
4341 1020
8463 8150
253 3232
8132 4435
5905 8517
1184 1957
2701 3809
1181 9954
3860 7487
3319 1127
7775 6809
5842 8706
8115 2436
1552 4181
9230 575
2429 3480
2989 7434
1863 1056
9628 3507
3989 8752
4700 9452
104 6560
4041 1316
6251 709
946 3094
8931 4579
4766 9991
6440 9799
5792 1943
4471 3972
9824 5196
7367 5327
2878 6560
3037 6299
5092 9319
3486 5336
7450 6075
8641 6390
4701 7605
9603 7019
794 1481
6466 2404
416 9900
6219 5593
9766 9021
1267 7214
6450 6086
7232 806
7870 5331
7564 5717
2449 2494
3425 722
7818 3886
4672 7107
8490 3612
6017 6130
6860 2547
2455 4723
6790 8369
2745 5345
1888 7521
1992 1696
3819 7082
7386 4996
9985 5353
1502 3210
9602 8232
3351 4740
8621 2131
4279 2321
3868 2339
1851 8422
9270 7152
5130 5606
7082 6612
9212 9805
4973 2504
8667 3632
9084 7047
3566 7628
6060 6728
9944 7532
8150 49
3956 8238
3260 5692
2063 621
3759 7087
4136 3880
1211 6873
8849 4276
8335 2254
5933 6104
7981 1257
1481 7618
1377 2023
4987 174
4929 9824
8977 428
4401 4924
5176 7389
6278 1406
4541 9895
2170 5036
8741 3468
8549 2597
4477 6239
7234 6150
7663 7315
3216 6161
5631 6123
5476 3891
8842 2371
329 2256
9905 3090
3276 9880
9544 7831
806 9852
4281 9971
7628 4978
7719 6298
3105 406
5684 806
8414 5857
7371 617
1321 5026
6124 5354
4679 1017
709 1174
934 1642
9564 172
4736 8159
9056 1577
280 321
8344 2164
9763 4237
809 8629
6176 205
3164 879
6515 6860
4045 7101
3671 6226
6062 9807
2164 5266
2176 7275
4449 8269
2070 4772
824 2487
3322 4345
3439 4577
3849 7557
575 2582
5671 1459
600 6634
1048 2309
2708 231
7927 6395
2597 2424
5539 1873
5890 3591
4772 7721
2240 1760
8389 9008
7239 4907
6047 2156
6417 4281
7361 1186
6324 7531
7019 7861
9306 5437
5468 848
8894 4735
9715 9646
4665 7737
8957 1252
6819 549
3983 3990
9021 4549
8914 1992
7789 2772
8242 4150
7447 6037
5614 8724
2066 8210
7438 2868
7066 2720
8251 9403
1202 7093
6099 7751
7923 6520
443 6252
8266 1567
2850 5995
4263 3878
6518 6131
8673 6063
6799 2307
9107 1979
3350 3354
9794 8079
1634 6591
8438 6723
2163 3983
6091 8624
596 4523
8728 9644
3148 8662
9663 3913
4615 1240
2007 8389
2144 799
6803 2494
6794 7152
6057 63
3419 7792
4758 4811
5584 6177
1268 6062
4312 6841
5934 9753
908 721
8662 6806
1826 3702
6753 6984
4229 8931
868 5539
8781 1127
9866 7797
420 9286
2846 6713
8381 8437
393 3835
4254 7460
8878 9045
8351 6222
3887 6957
8649 9609
9857 7281
4617 2969
7029 6152
5857 5860
9845 3488
2697 5479
6961 1640
7638 5050
7423 1062
1286 7992
9268 5683
40 6495
692 9631
4144 3154
7957 6376
1265 7385
6409 3956
2969 2535
4051 8983
5319 9688
8160 663
8015 6551
9464 4498
5780 5171
9694 1510
3962 9084
9917 6327
4345 2231
3897 1696
2439 5119
3841 4406
1417 6108
5212 2160
3497 5904
7444 5917
3451 4815
2465 3381
3923 6434
8808 8395
7517 1551
3107 7615
6287 8219
831 3178
7948 1319
6970 8250
453 8030
9450 6505
9026 7323
619 2111
1324 469
3452 4899
8882 740
3900 3691
1156 6106
7488 3513
6904 1213
1759 8917
9290 7769
410 8966
6419 2195
8252 8429
9759 9608
7333 1478
2582 7082
3820 1387
2404 8714
1213 3995
9014 4692
6269 4973
5290 1737
5245 5384
6995 2584
7121 7396
231 680
1903 698
667 2014
1356 9100
4763 2846
8917 8496
9496 6866
4022 3861
2532 9817
4831 3617
1472 9847
9096 9032
3023 1733
8124 7601
1017 9736
9805 6047
5973 855
8225 9000
4978 7343
7345 3044
4244 2605
8005 9509
5820 6974
294 6594
6189 1860
5368 5583
6172 435
1242 5668
1520 3044
879 6514
5260 407
2655 5298
2325 7434
166 6784
4321 4477
2381 1570
6146 5542
7330 5337
8670 524
6495 4337
7557 6539
9595 188
1197 2446
5794 3394
5427 306
9691 4163
8523 219
4533 9428
5804 9965
1101 2370
3245 8981
5727 2583
4326 2356
1860 6638
6895 4941
5677 6658
6967 3517
6931 3307
3210 2529
4740 7496
6506 3063
6405 3232
8411 2808
9334 7844
6108 7026
5562 1679
5142 6155
57 8178
5399 3830
1733 2218
113 1383
2246 1204
832 8411
5541 6887
2695 1472
764 6677
5664 7497
5292 1985
367 7711
7689 3029
1998 8459
7692 226
5178 5386
2259 8190
6966 8724
7749 598
2410 5956
3878 8252
436 8503
2434 1268
23 4283
8270 4994
849 6793
2548 5009
1252 6617
3145 2953
7570 7005
7942 4981
9368 9880
9220 4691
8233 7476
8096 1679
1384 4926
3127 2539
769 5693
2772 9554
3712 8706
2478 9807
1760 218
7248 2586
4702 6091
6538 9964
6793 6364
8271 1702
4840 6433
2860 2270
2269 1204
979 4292
5608 7918
4815 3366
4181 139
5849 4297
8540 765
1987 2174
7531 7621
2529 764
1494 9100
2193 6164
4376 7731
321 3126
5096 2397
4709 9660
6551 5204
917 2034
9557 5165
5740 392
8055 7805
8823 2671
7452 640
4283 6030
4527 675
4366 9792
5956 7215
5574 8639
8872 9030
8030 9319
5600 1002
6713 339
4053 356
7856 4095
9608 172
4625 8246
6908 9368
690 3480
7172 6713
927 4536
9780 3000
3558 638
324 7247
9885 8127
1882 4244
5708 6726
6131 4970
2583 5624
5239 5767
400 7650
5917 3127
8139 7668
8429 9987
9115 7519
6820 1228
6778 7582
8870 1570
8108 6092
1313 1481
6889 5574
6542 2900
8532 3159
3555 4980
5620 7839
2837 3052
3607 9980
5765 9969
2356 5208
7118 3598
7716 8852
347 9419
1172 5693
3429 5677
5330 7430
7153 9228
3044 1455
2322 9949
7373 6840
9367 6908
7698 2395
799 4527
7188 1229
1453 410
3377 5094
1607 2932
8636 7806
7837 8401
1362 5478
4751 4158
8182 1602
4949 3138
4404 192
2560 8070
6386 6096
9433 6655
5229 8025
4457 3107
702 4150
7136 9560
9918 537
6964 5142
617 4940
9235 2837
5542 3632
6051 3124
8219 3424
2575 8760
3469 1796
6202 8870
1319 6655
1194 7330
3953 3049
623 4635
3783 7047
7393 78
9626 585
852 2620
7599 4609
210 3008
1689 2960
9454 3762
9360 7861
3151 720
298 2429
9792 8981
8018 5334
9241 5984
8972 5786
1737 3933
5689 9976
1985 1387
8430 7090
8516 6636
9633 1873
9113 4438
6473 8273
7223 9648
2348 153
1021 2555
765 2932
9006 2297
3000 7165
2370 6451
6560 6327
7776 696
4065 8130
512 9660
1781 7092
3821 513
1823 343
2954 1570
2321 3936
3117 7966
1846 23
8039 4512
5603 5869
9131 6344
2891 2558
9297 1851
8825 3394
2613 1766
7474 152
9512 6622
4764 1027
6394 5738
6327 8619
1318 6636
3199 3729
9957 8121
5980 6515
196 1312
3430 3796
5080 5617
7918 7137
9281 8688
8949 3844
9622 3969
969 3099
3722 937
5458 2902
2487 667
2932 5593
8258 5897
1934 1903
5672 2542
3178 1183
1387 7167
1669 8426
3496 2542
9607 9882
6196 1651
4483 5817
855 3506
8966 1774
1325 4471
49 8903
5282 6610
3236 7866
6332 2575
5685 9267
6187 5345
6155 1289
7092 1891
9639 6390
417 8381
9594 5856
3026 3601
6522 6731
6563 6433
6301 6421
3720 6797
3395 9694
1891 7513
4397 9008
4582 9499
1797 7599
1538 9792
7331 4303
589 2351
6504 17
3886 2174
7724 5070
4742 9509
9545 3028
6030 1218
1471 7055
5869 6164
9965 5845
2105 6124
9406 5273
4276 5799
3061 63
3303 8101
4596 3800
7650 9628
2531 7192
8785 6913
2101 7309
5008 2734
1296 5923
7068 7537
4311 6708
3583 9790
6514 9288
474 7931
1963 64
3866 7668
1309 6539
7477 5790
2953 868
4077 4339
5764 6762
2297 4959
3729 3336
4158 5058
7946 9297
1862 3090
791 4979
9349 6688
7460 513
9405 9044
5355 7426
7093 2007
135 3009
4820 6692
4161 7744
6780 638
3800 6460
8203 1568
7026 7011
7483 5486
3553 9554
5864 9380
1564 5936
1229 5767
899 9923
3202 6660
1431 420
4502 1171
3207 6634
8331 3822
3155 8979
4782 9730
6374 6887
9761 4363
3601 9406
5091 5298
2367 657
8493 2360
3730 3829
3929 1860
63 7606
721 5450
5228 8203
5016 3983
6715 166
8780 6797
5949 2625
2553 4646
8564 3979
905 7838
5325 2319
5738 3980
2999 3181
8004 6063
9688 7509
7309 7803
3170 732
9831 9341
5898 5535
6271 7610
4305 2238
8063 7789
7426 2470
7061 6414
7524 8448
3318 5740
8130 9164
6115 8303
3049 7502
7390 4488
7984 8492
5897 8799
1688 6722
8569 368
6633 4866
1970 5373
4383 4943
9382 5936
8448 2254
1840 79
3230 3800
4461 4918
9079 2749
9424 4398
9231 6841
392 4024
3833 2120
2204 1974
3816 9947
8384 5770
6500 5823
5647 1419
8137 6072
865 4714
6773 4100
1758 4167
2018 8401
8514 175
7369 7940
5739 3451
5958 9443
9071 2687
4890 8704
3822 8100
3626 3686
5796 2425
2351 7275
2970 9384
7939 260
7090 2234
9797 687
111 964
1800 93
5734 8122
6663 2448
7874 5596
2886 5286
4000 1286
4944 3810
7730 2440
891 8936
9822 1490
676 9431
1299 1159
8634 7375
2775 7477
9676 6218
2718 4485
2912 6767
1383 5849
4646 5334
3020 9235
4623 1069
4453 2203
5611 9639
1115 2583
1317 7792
5232 1383
1301 2671
421 8942
9598 7942
6344 5557
546 4046
7427 1971
8459 6124
6231 6317
8135 4625
251 2966
5358 1061
9611 8215
242 7713
1226 3604
7416 4021
1795 8173
2201 9780
138 2388
567 9708
6174 2818
7192 4697
5004 3991
271 9391
7583 6124
4488 5817
4909 4357
5947 6332
4297 3603
5821 969
698 5482
6356 2278
9942 9479
3394 7812
8303 1211
3507 7037
2834 4461
6795 888
3080 1518
5050 9662
9172 1078
6195 9017
6290 7304
6254 8466
9969 3145
3052 2321
6622 2783
3057 4580
4952 1926
4977 9132
5493 2428
7171 394
9025 8597
7806 8270
9711 979
6969 6533
4275 5497
1614 4507
9947 9924
1257 7861
7181 8503
1909 4339
9000 7056
3891 9709
3781 4614
1651 2478
3686 880
3537 2429
7917 447
964 8179
5322 6557
9556 9824
591 620
1632 2427
8273 4713
3540 1697
965 7078
3978 6895
6965 789
8354 7373
8688 5150
4857 9657
3829 2319
7296 1883
3812 5026
394 8135
2577 2095
7127 6688
3122 963
5467 6770
1312 7425
2472 5574
8758 752
4965 9886
3349 6258
3669 7545
3168 629
1697 6612
9943 1753
4603 6291
7866 4970
5790 6291
7056 4042
8003 7552
5557 3779
6310 6432
8760 3215
5373 5447
4927 387
1961 316
6046 5135
1456 9948
5100 1069
6881 1240
9431 7975
1292 963
8395 3052
5303 585
6974 4120
4518 6037
947 1985
390 4765
8852 3164
1049 8429
6317 7037
4614 5659
1568 6435
2047 6824
8824 4462
5386 2056
1399 9852
981 2815
2396 6660
8854 9368
2424 5080
2096 2066
6318 1484
7285 5692
6591 7998
6581 8769
5486 7273
2467 6205
9374 9131
781 3096
7944 2518
8598 879
2225 9538
6768 7835
3087 4622
6152 9405
5020 6172
2140 7142
7552 2360
4195 744
8990 2901
6636 6363
871 4042
5078 4916
7931 5914
2652 1478
5218 9664
1527 388
9948 9381
2859 5450
1619 5369
5763 588
8467 9111
8919 4577
5311 1699
4849 6035
5507 293
5063 6563
2517 6069
2425 5933
7145 8349
5336 9288
8756 5241
7385 7077
192 5465
5492 2862
5690 9992
6069 4951
6488 6750
9080 5395
816 5020
185 6292
4855 5160
3099 7642
3606 2809
1570 7818
3913 1901
5238 7347
5397 3040
8017 9685
5374 7671
8605 8499
8733 4601
6619 2171
1118 391
5276 2269
7670 7622
5743 9059
1069 1903
6557 8369
1950 6688
6 7442
4289 3388
6460 4318
9838 9990
7401 6211
176 5734
2388 2036
139 6778
4037 5661
9677 9598
3356 8464
3039 2507
8699 7366
9208 3568
4023 8431
9886 8418
3346 913
9325 2302
2720 3364
1678 5995
2309 2834
2808 7013
8740 6060
8711 1061
8492 388
2380 4904
7348 7795
620 5850
8198 9412
1002 2355
7671 1535
4750 7535
4203 3184
703 293
1459 7724
8603 1992
3042 717
4791 7895
1372 1102
7281 2891
2121 4357
451 7600
5649 6965
7795 7931
2637 7087
9958 1961
303 9305
7998 6464
9679 5930
6513 5525
1290 7444
4635 8629
6638 4817
8187 6824
8565 8098
9939 5532
1858 740
4209 1307
5485 961
2319 8903
2023 1802
2535 1812
9305 2468
7930 2075
9771 2477
8262 1769
395 6962
3431 8388
963 9017
8599 2225
3129 565
2153 9408
4918 5693
5465 6434
7965 6024
6188 521
3361 3759
7790 6
8154 521
8370 6365
3937 7540
5643 4086
9549 4759
4722 9659
666 7072
9076 2118
5497 4536
637 6720
4998 3028
3364 4981
2187 2426
1887 3336
6306 1558
6365 2953
1881 1259
8837 7873
1432 2472
8397 7014
4485 4406
5273 9450
2212 1926
1577 9657
1259 2478
9542 2842
8639 5026
6491 6684
2547 3038
7713 3937
1880 5958
5253 6083
7219 8790
2622 8002
6006 32
1193 9017
6509 8571
6595 4628
3184 7429
6499 2768
7610 5466
5306 1078
9847 7366
4897 8368
8081 8399
9008 5511
9522 1564
4804 7482
8323 3381
6762 8790
4410 1627
8812 946
1254 6841
8513 6655
7304 1461
7669 2620
5627 2709
3528 1950
8664 1229
6390 8734
3028 4709
6938 7323
2544 2530
8112 4037
6035 6869
2122 7504
5875 9162
6925 7536
8353 4831
4228 6126
5525 9588
7801 610
3828 1558
2809 5113
2849 4879
2247 9895
376 1472
2901 7367
7611 1971
3568 8878
8591 4626
504 5677
5314 390
8445 64
610 1061
3914 8149
338 9565
3231 566
8466 6617
4946 370
2114 5823
2137 230
6476 7604
727 9868
7323 46
1241 8535
3701 6024
4357 1499
9237 6388
2856 426
4577 8472
4346 5637
598 5261
7873 128
6300 7348
3336 6417
8149 9026
1901 6439
9990 4618
7482 8549
4618 220
4730 2668
7922 929
5637 4632
6097 1133
2152 7598
3090 5468
3232 6522
9538 8368
6325 7084
1107 6538
9135 9025
143 1878
3779 7570
6316 2257
7315 1319
4901 5795
7861 1716
3272 7553
1466 4734
4523 7444
1484 1665
2375 7339
1359 7308
3647 1400
4994 7927
8687 3361
4274 4638
5070 1461
2045 8900
4551 1588
1834 7276
1784 5795
1547 6621
3169 8265
4589 8366
6180 438
6217 4332
6731 1813
6139 4260
6656 9392
388 4154
198 1244
8790 1224
9662 4305
1258 6676
3180 8208
9314 3747
6750 9142
8744 9471
8554 2718
8199 5298
7424 9918
1338 6830
1215 7510
8608 6485
7579 2248
4765 4482
840 7830
8101 4236
4599 6109
8995 3022
9345 851
5482 5314
3228 426
32 1174
5953 6263
5488 1871
5583 2101
9211 4381
7800 4453
1558 2380
6588 6070
4079 5799
757 3377
9730 9984
7835 1784
4904 5694
1468 3706
2468 9489
4899 6712
4674 979
9561 1992
3546 5455
2689 8232
6114 6888
3628 8851
7429 6965
9253 3324
9108 7830
4236 7145
9518 9814
6692 151
3748 943
3713 4178
7005 3146
3545 447
4407 8687
5354 4597
8816 1152
317 9700
9997 9766
8601 5493
7940 7579
3579 6723
4250 3699
8712 4951
2593 827
3597 7535
2620 5877
6719 2923
5548 3261
9489 4651
5997 3673
9392 2969
5717 9450
8010 661
3562 8165
7606 4158
273 9517
76 3958
8240 1196
2660 621
7510 6636
3179 9152
8107 6109
8079 3508
5822 3028
7567 6750
1256 2330
7117 2494
2177 2812
6194 6473
658 7870
8232 2435
3191 699
585 230
2555 5239
53 7150
7384 2517
2008 8043
5040 5074
1869 6013
7672 7568
4962 1041
3159 4503
4438 8179
8319 2862
5894 3736
6232 7382
8986 2372
7103 4702
4980 1089
1474 6126
1152 2244
9177 2671
7049 3129
7597 3094
3980 7940
5201 6023
2925 9514
3948 2768
5220 4514
7198 8181
9173 3974
6907 4582
8731 83
9324 7545
2754 7611
2889 8998
2257 7785
4381 8920
1086 928
4008 5485
1679 8165
5533 4962
8730 7416
6423 4966
5107 55
6643 5276
9952 1609
5366 1201
8481 6432
8422 473
3706 5092
7785 5040
2504 261
8624 8080
4146 4626
5026 2195
2365 9751
8347 1165
7600 1679
2598 8986
1174 8752
7091 5309
8978 4046
8080 5649
2514 8849
1277 5351
6824 2353
8418 9324
4611 8905
4833 4731
3598 4397
1076 1021
1403 1185
1371 6734
1650 3684
2671 451
6829 6728
8704 6943
302 24
6026 5209
2094 4292
30 2195
9537 5303
3617 1321
7497 9706
6720 3972
159 7247
9733 1467
4350 9958
737 9659
8002 3138
2552 2869
3839 388
2650 5493
1078 5770
9979 2665
2085 4457
3366 1985
3153 8687
5392 9964
1769 8101
2822 9679
9381 4453
2428 4169
4759 744
8301 59
1082 8071
2448 9076
7464 7244
7983 8797
5286 9588
4360 1587
223 867
7769 7540
5748 1242
3723 8393
6688 4538
2501 6012
520 7872
2749 3328
7803 7792
1847 1135
5732 8905
8724 8970
3033 2521
4100 2623
4320 3654
4837 547
4278 5424
4463 6750
4539 8287
5952 7142
9609 4228
1089 5763
7399 8846
8575 9072
6268 6640
6861 2639
9962 8832
8165 8366
1171 7276
1068 5078
9499 1531
259 9391
7533 1240
9444 4512
6841 5668
4538 8939
1499 7831
6584 1710
3726 5196
1411 4363
7186 1071
58 5807
4425 391
7830 3358
5683 8882
9848 366
9403 7384
7605 9270
1081 9015
5543 6908
9699 2965
4178 1469
7684 6943
6013 5973
7465 4456
853 743
2530 5645
7743 2095
5679 7393
6399 4639
8646 7416
1041 3579
4391 6060
2639 1362
2196 9571
3655 3911
5209 5822
4713 2560
8293 7740
547 6372
1812 164
8597 2153
2896 3556
2289 6523
4188 6475
9350 2382
3417 4631
983 2688
4875 6848
2088 7029
4848 3087
9015 6075
7255 9918
878 1026
4412 2142
6659 8039
2445 241
9126 3723
4669 6994
419 2273
2355 259
461 4229
1067 1710
1143 1770
1192 6688
7540 2530
1333 4998
886 8975
8507 1276
9923 8039
8814 5079
5570 6232
6658 1017
678 8795
2215 5978
3772 9075
5323 6682
2203 1800
8161 1399
9045 1494
2189 6558
5424 970
9082 1646
1924 6723
4380 2257
6539 9962
7545 7147
293 5079
5079 6713
4092 7819
9517 8295
5726 7291
565 5734
8629 8217
6023 9733
262 1247
6886 5692
4731 7119
5269 9403
9868 8378
3904 8907
2077 9683
8478 9945
2862 5640
8146 3228
2930 8900
8764 8034
2431 2473
8994 15
8997 9080
3817 7992
8725 395
2359 7740
8428 5020
1478 4701
3409 811
1037 342
1692 9951
4632 4425
6716 5807
7559 3106
2731 278
8368 2944
3708 7024
4981 7601
7428 7219
961 4676
2842 1696
4406 8624
8584 2230
5093 1214
2044 8584
851 2043
4590 5253
638 2090
5607 5483
1780 6484
9380 3188
8369 2674
4501 4383
6959 4287
8071 2803
3041 2376
3370 4078
3071 6964
7210 1449
9195 8553
2248 6985
5069 5298
4122 1784
3851 7463
3864 6409
3065 3227
9162 9228
2739 2507
2515 6828
8844 5432
15 7568
7077 3184
8934 9522
6072 9563
75 6613
1467 6475
5725 7136
1905 2043
6789 6001
9032 7375
9341 4840
3747 6062
6398 8851
5742 3078
7929 5157
1114 144
6274 8287
4160 8020
8846 1070
4076 9643
5876 5588
4334 1075
3287 6268
7814 7453
5634 2817
4394 2285
6001 8080
723 5004
9044 4702
2376 702
2043 6035
7366 313
9807 8358
230 591
6603 1768
5338 5376
943 6476
8832 8920
9717 1205
278 4785
6337 9909
9513 4298
7115 5734
1710 4719
661 5351
6878 4259
8404 7204
3918 3251
6207 1071
1646 6007
1061 3221
2557 2104
8122 9863
3463 6043
887 6732
6994 5002
2014 3629
1873 4954
2734 5309
5168 8521
6225 5804
8287 8998
7668 1256
7792 6957
913 261
8441 5168
9781 7751
3552 6913
8821 2848
3574 6682
5478 3174
9685 6046
8095 6249
2287 6493
2907 2649
3251 1195
9070 6641
9749 2216
8981 6037
811 4383
7211 9067
9751 11
5892 3858
4970 4070
4287 5732
3441 1338
194 8331
584 2715
5936 961
2677 8828
4448 3516
9747 8137
5432 2153
3776 1867
7553 8208
5645 6190
1205 5245
595 5394
1449 3087
5375 6797
6493 5970
1997 4342
8533 3370
1930 9151
6129 8478
7014 2471
6040 5243
3306 3191
3019 1692
8043 2230
7037 8905
129 8998
2285 4550
4421 6082
5376 9992
8433 8877
6075 5291
5529 2347
6490 2254
4355 5668
1316 1661
6453 2053
3753 1193
4085 970
756 7537
2273 865
7247 8781
8179 9082
6442 6607
6840 5423
2956 5228
1418 7278
6913 2813
2649 6943
6751 6063
2169 6749
5661 9070
6594 8631
1127 8795
4537 5258
5666 9516
6470 4714
2476 3158
6726 1895
1591 7495
2174 2500
2688 9067
3769 1547
2195 5303
5291 9892
7928 3150
218 5078
2245 862
6347 8242
9852 1924
3810 983
241 605
3174 5930
9216 7186
9156 72
391 9004
9951 6542
9582 10000
2679 5805
3365 1071
2813 6291
8794 8816
8795 9557
8205 1339
8899 5901
4392 934
9408 8156
447 8464
440 8428
4943 6432
3172 8768
633 9956
8181 1652
1683 3595
6887 9379
2848 1037
1807 6268
8946 3904
6376 8900
6126 6773
6012 4692
9643 8286
3328 4754
181 1338
3094 5995
5484 9470
5196 7619
5722 8433
5805 5374
9505 4957
1793 4827
5353 3991
7753 6606
6852 5579
7271 2476
1615 2494
3150 9848
6024 1807
3175 26
208 6461
8720 4639
2715 2359
3297 3776
2026 4630
2521 7664
1511 9775
7780 340
7586 1133
4259 6060
9932 5529
888 400
7687 2727
862 9629
2278 181
7018 6347
2095 1075
6345 3447
7425 7547
5521 9734
8768 3816
2796 7612
4712 3306
4021 4655
2267 9619
625 3390
8982 3243
571 844
8034 5588
274 7753
4251 9636
4608 4603
749 2077
8289 1703
8214 5978
4187 1827
9390 699
5836 6758
9683 8755
4631 858
5601 6454
989 129
1833 1012
7213 877
4318 7952
6641 9517
2612 9044
9101 5726
8311 1329
1428 2247
9236 7329
4458 1012
5531 9175
3375 3519
9588 9518
2507 9403
1185 1276
5807 4503
2371 7275
8900 4037
6496 9210
8100 9029
9903 1312
1877 6979
3399 8460
701 1878
6549 8744
8111 954
3684 5552
2665 2020
4916 5827
2783 8311
972 415
3976 9648
8706 6940
8975 7273
8738 4291
4260 4709
1045 3165
2496 1588
9075 9195
8016 7200
3692 2198
6021 7506
1442 5220
5298 6553
810 8353
9067 3798
877 1089
4335 5853
2830 5945
8851 1930
6291 6254
3881 198
2463 3994
3354 9263
2362 8807
2619 6192
2132 316
9344 5817
4992 3390
4942 6608
1071 9643
9432 6190
55 7055
7383 7433
3068 6048
2518 3517
9391 386
3011 1060
8939 1362
9017 1602
731 1545
7535 9761
9956 8181
7915 1224
3158 3776
6728 3080
2151 3628
4306 8907
5243 6082
7636 8642
6952 2517
3994 2010
3676 7956
2623 3995
7547 57
8620 9065
2628 7106
6461 228
209 2394
8508 7142
2324 3924
1036 5372
7526 2932
5135 1308
3928 4285
3022 9433
970 2942
1240 7141
2586 2799
1007 8645
7165 8388
5770 999
5751 5106
4639 947
5462 2518
6870 8293
6847 6510
19 9398
6830 7213
8473 6611
2347 4877
3534 8753
7972 6558
686 4196
1204 2557
8769 5382
4067 2640
6979 4181
1811 8226
8926 5351
1986 8460
6521 5773
3197 5372
768 9657
1336 209
1933 4414
261 5878
6613 1490
588 7152
6811 9592
9031 9958
3681 2481
3436 9516
4285 8645
9560 5595
6930 8945
3972 2424
5278 1770
2994 2604
6070 8428
6128 2130
9142 6318
5258 8156
9100 1604
1195 5683
1396 7897
4677 7568
2034 8835
5327 6655
26 2709
1113 200
1346 7632
8320 1769
8887 4121
5759 5561
873 8500
9085 7025
9295 2447
8998 1265
6816 4392
5222 5579
4491 1683
9286 7373
6433 5153
5254 1899
2913 4094
4516 2125
9210 2249
9916 6152
7142 7091
1652 2075
6127 5766
5157 1768
1663 6688
4680 497
8500 3904
1244 9832
1308 5396
1755 7095
1039 8936
245 8764
7291 8092
6454 1545
1012 6606
6510 4460
8945 4457
8051 3112
1681 1171
7956 7785
3243 5634
78 36
4827 7905
6996 5355
2427 4517
1133 661
2050 1346
8437 9830
611 2796
8753 3328
1545 9004
1139 6595
8807 1609
1088 6748
9470 4458
6849 8926
8963 4199
1046 1644
1469 4630
2752 7622
1173 3664
2311 8876
910 2050
6492 9015
7377 3924
288 1113
4159 8403
6943 1993
5682 7241
6079 4852
100 4384
7612 1768
7273 8521
9841 603
296 506
5617 4771
7375 8673
1719 4215
6536 8120
7086 6795
2075 4719
4094 8460
835 9436
6363 2612
5595 5492
1532 3358
4959 1588
6505 7598
2803 1689
2554 9995
5930 626
6320 4974
2216 5828
6867 2723
9829 7355
7276 5512
8276 8356
7980 2588
5183 4161
6357 646
7793 9027
7897 925
2481 5024
671 3516
149 8958
6962 3759
9147 7850
1938 8437
1853 1139
9945 5314
5351 5688
8502 2122
9409 5482
3397 8502
3311 2382
7773 2365
5123 9481
2965 431
6255 6357
7025 6658
1768 7528
6007 9609
6828 2406
3310 6852
7630 5978
3084 5634
9619 1492
9736 1678
7253 5890
7734 2091
4626 8998
6192 8893
5945 7323
3519 8502
9995 9562
883 5539
7504 388
5720 4324
8215 9575
4379 6040
6367 5531
9370 2515
7389 8500
9175 7682
1867 1755
2219 9733
1329 4680
7072 4159
7129 973
819 441
2494 4805
7126 7260
4858 241
1275 1036
10000 440
369 1284
5053 4121
9882 3694
2317 6810
9264 2848
973 3506
3688 7972
8708 8660
5216 2249
821 3397
1075 4134
6186 5500
9880 5620
1328 3858
6621 4279
2646 9185
9333 6136
3595 9995
8828 4078
7355 5722
4465 29
6858 1660
5345 3622
6948 7084
4754 1309
3156 3377
5773 3084
9629 8765
9592 99
3223 1076
5853 6135
6749 571
8393 6475
7615 8638
3641 8318
9298 5759
2020 1324
5188 3504
6546 8361
5024 7329
5384 482
2125 698
4134 1290
3283 4071
4628 5572
4714 625
7694 8297
4808 6738
7604 9268
7382 7753
6682 2270
4883 4512
3358 3516
4906 55
7050 937
36 9303
6825 3571
7740 9549
3924 6816
8403 9209
5795 7602
9423 7433
2539 9688
4514 2198
1836 5183
4974 8433
2244 3681
441 2169
4332 4339
9516 3688
9398 6317
4954 5314
4630 5286
2920 3504
3323 3038
2727 7636
1276 6633
48 3960
8065 7067
5718 471
5596 8311
9814 9059
2709 8828
5041 677
5271 6546
1307 1404
8474 9380
8106 8700
8092 5637
6942 3026
9452 8882
9722 8097
1080 5022
6484 3753
5501 9996
5372 812
8495 9188
9878 4712
4951 302
7723 5317
2330 6493
1465 603
8379 7146
9154 7015
3015 686
9288 1699
112 4510
2418 8146
7826 4465
6109 6072
2817 1642
7301 2899
5309 190
6083 5220
1514 288
9282 7814
2275 8289
3112 11
740 4761
3571 2041
5404 6693
4419 7956
7084 4433
875 6497
5576 1573
5579 2481
182 8235
7811 4520
7905 3158
366 6641
8876 6758
4621 6459
6607 2727
1827 4911
1066 6052
7146 6493
8460 4196
8286 8565
7073 2373
7295 1339
11 8795
9964 8038
1018 5607
9996 2341
7043 5243
2394 9565
431 2899
699 8513
9832 8664
2640 4076
9247 2626
5948 9044
4369 5212
8268 3697
6048 8433
9563 1600
7560 4584
8070 3504
6183 241
2112 461
9750 3895
2648 282
2899 2463
3392 202
9137 8277
4796 2802
43 9893
1711 9859
8907 6627
8097 7744
3289 1490
9775 5123
555 8764
9004 6104
4520 8807
8645 5455
4132 7709
1573 7776
1490 5004
2610 5323
925 3618
5446 474
7850 8597
4584 7129
9830 4350
9636 9798
4902 1152
750 7124
401 603
3506 3011
1424 9642
99 4118
4384 4913
8729 6987
6634 9135
9065 6136
5045 3960
5387 9065
3083 8100
2769 7038
6204 9841
907 3895
9531 3180
8028 646
9434 6346
4682 9137
2810 7055
5339 6946
7418 9239
1279 6346
8120 5110
2443 3159
3445 8438
2479 9188
8547 1493
4793 2913
7528 2649
929 4177
6020 7983
2249 5074
1224 9101
8920 3243
3516 4951
6640 1878
9436 3438
8918 4147
844 963
6657 4519
992 7610
1391 5633
2596 7431
936 43
108 2091
7582 816
5224 5438
1810 2149
2985 555
9185 8268
5055 2789
4911 5123
4342 967
1079 5417
1330 4666
8678 147
6644 9156
9788 3010
6435 1719
6655 9048
1770 2902
4983 1294
7568 3864
953 3605
5766 5110
9859 4288
5422 8297
6164 4537
967 9607
1492 875
7275 9944
4177 9015
5633 4852
6111 1572
3046 4724
4075 4912
3504 1972
4988 6644
5704 8729
2723 9075
9504 2935
1617 4951
2230 5466
3438 1229
2184 3459
7453 8140
426 2646
5588 6750
5895 8103
9893 2994
2692 9406
3991 5239
5235 1861
8717 1861
1167 2261
3467 702
8593 9417
4622 6367
282 5682
9892 6810
7992 8154
7176 147
4196 3431
3284 3595
5074 8210
4215 3256
962 8356
7516 736
222 7715
5500 8366
8912 5185
3858 7383
6608 8660
6693 7611
7292 3133
6385 2946
3768 7154
4126 3223
7715 4512
8713 2362
5073 7180
316 7215
4913 6828
1060 9300
342 5055
6412 2382
8503 5276
3454 4803
4118 2275
7872 5799
583 4607
7413 1114
8660 55
6135 8276
4496 8200
5461 5778
25 3772
7759 3459
8521 8242
5261 8120
65 6084
3133 8887
7744 6023
5817 4379
4512 1020
2382 2776
8200 4621
7645 9659
8553 1759
2010 5243
7846 4176
3605 6802
4928 2554
5559 4314
9798 1279
9189 6848
948 3377
9164 8565
2604 6622
5778 811
6975 8277
1493 5544
843 2373
8151 6716
2995 2723
5483 2799
6848 8028
6758 6946
902 1229
4034 3014
3643 9137
9737 314
8700 4491
5343 22
2946 6160
1732 5041
5697 29
4519 1079
506 8070
4121 9659
2154 2371
3288 6644
8103 7616
7632 6738
2091 3990
7437 3902
3390 7972
7703 1516
4221 3785
6898 6271
4446 973
3010 7082
5618 2346
2261 1328
4852 4579
677 9283
9443 3761
3479 4075
2284 7783
4363 245
5022 5408
646 875
7015 8097
4131 7542
9961 2313
7329 8461
8009 872
7089 7734
8207 1574
7858 5544
914 2139
29 4913
3943 1532
2373 7755
3814 4759
2084 1142
5520 6747
836 6192
9027 7176
4666 461
6082 9895
427 8536
8356 6134
1516 4147
200 9333
5110 7724
5094 8495
7095 2477
9225 9550
7433 6625
6747 3692
3618 5562
2647 3190
5455 4496
9148 3895
2432 3718
8970 5009
5417 1861
5622 9465
8877 2091
9437 3694
9188 1801
2232 8403
9481 5570
2346 9550
872 5992
2341 9239
4060 6280
4803 8871
1425 6570
6625 1089
6280 7632
6322 3768
46 956
1861 4859
3106 9350
4866 5126
2127 72
6531 4404
1099 9148
7598 4932
7431 4912
6615 4199
5561 1196
203 5743
4420 7379
2313 365
6028 6720
72 8679
365 8620
7783 2786
8297 7811
3517 3041
7682 5374
2173 3683
22 5552
8642 2477
603 8765
3176 5734
1269 4912
1339 8037
5153 2033
9198 9685
2561 2308
4579 6192
7865 3796
6556 2308
1574 6758
5847 4836
7994 5180
5978 4147
3014 5073
147 6071
24 3558
6606 8790
6734 8358
2308 9996
4078 1804
7180 5634
8277 8887
8765 5185
479 427
9968 479
1712 2946
5686 1859
6136 2367
9465 907
1057 5045
5430 5095
7193 6084
7154 852
9562 967
1845 7204
2776 5387
5360 4203
5185 6357
8542 7675
1772 427
4452 9192
8871 8536
6987 451
6946 8297
4472 6443
7794 6110
144 903
3960 6870
6570 8536
2064 8404
4176 1711
7505 7794
4042 731
8098 8934
9645 6331
3017 7516
807 3479
1196 4048
6802 8207
1142 9550
8361 4858
2693 550
8388 7672
6585 6194
736 6012
4199 5338
7204 907
6096 8678
2786 4176
8238 2435
527 4339
9064 4117
3718 3697
7149 5338
3268 8450
6497 281
7565 3367
5767 9508
4886 5371
602 6156
5983 8977
9659 7295
6314 1991
8349 2704
4912 9968
3694 3713
3188 1142
6475 7552
7241 936
5992 426
8366 974
5344 6339
9151 7021
4724 8634
8905 3991
4288 2810
8694 4938
9059 8217
6346 3928
5828 7379
5552 5344
8536 132
8450 4858
9660 5217
3815 277
2 3802
4388 6121
8436 6012
5371 713
1703 5607
7779 2184
5047 6354
9262 5789
9550 6898
3802 3546
9239 2127
3093 8877
6160 8859
550 5466
4735 9830
6339 3180
175 1712
2799 241
521 8404
5556 5371
2198 5633
4692 6188
5572 2041
4147 6188
6084 8067
8318 8081
1392 9483
7055 6412
1609 9075
8208 4318
789 4308
5466 2586
605 9957
657 58
3697 8175
1859 6592
8859 3485
497 2112
1498 3741
7218 2483
3741 5371
9895 3768
4725 2666
7152 6078
2755 445
2483 3684
6432 8240
9105 5116
6459 3095
5877 7377
7087 4774
8797 47
885 713
713 6622
7379 3565
558 8479
8248 5612
3895 3459
2025 2755
744 9708
8943 5515
9483 6754
1642 6823
6738 8414
4150 1363
6754 6738
6110 7858
8067 4724
445 2189
6248 9300
5180 5627
2789 8547
8893 7473
6558 3175
9102 3543
3459 417
3673 6494
5544 1922
3844 2617
635 1502
276 3209
